-0.000225 -0.000225
-0.000225 0.000105
0.000105 0.000105
0.000434 0.000105
-0.000225 0.000105
-0.000225 0.000434
0.000105 0.000434
0.000434 0.000434
-0.000225 0.000434
0.000764 -0.000225
0.000434 -0.000225
0.000105 -0.000225
0.000764 -0.000225
0.000764 0.000105
0.001093 0.000105
0.001422 0.000105
0.000764 0.000105
0.000764 0.000434
0.001093 0.000434
0.001422 0.000434
0.000764 0.000434
0.001752 -0.000225
0.001422 -0.000225
0.001093 -0.000225
0.000764 0.000764
0.000764 0.001093
0.001093 0.001093
0.001422 0.001093
0.000764 0.001093
0.000764 0.001422
0.001093 0.001422
0.001422 0.001422
0.000764 0.001422
0.001752 0.000764
0.001422 0.000764
0.001093 0.000764
-0.000225 0.000764
-0.000225 0.001093
0.000105 0.001093
0.000434 0.001093
-0.000225 0.001093
-0.000225 0.001422
0.000105 0.001422
0.000434 0.001422
-0.000225 0.001422
0.000764 0.000764
0.000434 0.000764
0.000105 0.000764
0.001752 -0.000225
0.001752 0.000105
0.002081 0.000105
0.002410 0.000105
0.001752 0.000105
0.001752 0.000434
0.002081 0.000434
0.002410 0.000434
0.001752 0.000434
0.002740 -0.000225
0.002410 -0.000225
0.002081 -0.000225
0.001752 0.000764
0.001752 0.001093
0.002081 0.001093
0.002410 0.001093
0.001752 0.001093
0.001752 0.001422
0.002081 0.001422
0.002410 0.001422
0.001752 0.001422
0.002740 0.000764
0.002410 0.000764
0.002081 0.000764
0.001752 0.001752
0.001752 0.002081
0.002081 0.002081
0.002410 0.002081
0.001752 0.002081
0.001752 0.002410
0.002081 0.002410
0.002410 0.002410
0.001752 0.002410
0.002740 0.001752
0.002410 0.001752
0.002081 0.001752
-0.000225 0.001752
-0.000225 0.002081
0.000105 0.002081
0.000434 0.002081
-0.000225 0.002081
-0.000225 0.002410
0.000105 0.002410
0.000434 0.002410
-0.000225 0.002410
0.000764 0.001752
0.000434 0.001752
0.000105 0.001752
0.000764 0.001752
0.000764 0.002081
0.001093 0.002081
0.001422 0.002081
0.000764 0.002081
0.000764 0.002410
0.001093 0.002410
0.001422 0.002410
0.000764 0.002410
0.001752 0.001752
0.001422 0.001752
0.001093 0.001752
0.002740 -0.000225
0.002740 0.000105
0.003069 0.000105
0.003399 0.000105
0.002740 0.000105
0.002740 0.000434
0.003069 0.000434
0.003399 0.000434
0.002740 0.000434
0.003728 -0.000225
0.003399 -0.000225
0.003069 -0.000225
0.002740 0.000764
0.002740 0.001093
0.003069 0.001093
0.003399 0.001093
0.002740 0.001093
0.002740 0.001422
0.003069 0.001422
0.003399 0.001422
0.002740 0.001422
0.003728 0.000764
0.003399 0.000764
0.003069 0.000764
0.002740 0.001752
0.002740 0.002081
0.003069 0.002081
0.003399 0.002081
0.002740 0.002081
0.002740 0.002410
0.003069 0.002410
0.003399 0.002410
0.002740 0.002410
0.003728 0.001752
0.003399 0.001752
0.003069 0.001752
0.002740 0.002740
0.002740 0.003069
0.003069 0.003069
0.003399 0.003069
0.002740 0.003069
0.002740 0.003399
0.003069 0.003399
0.003399 0.003399
0.002740 0.003399
0.003728 0.002740
0.003399 0.002740
0.003069 0.002740
-0.000225 0.002740
-0.000225 0.003069
0.000105 0.003069
0.000434 0.003069
-0.000225 0.003069
-0.000225 0.003399
0.000105 0.003399
0.000434 0.003399
-0.000225 0.003399
0.000764 0.002740
0.000434 0.002740
0.000105 0.002740
0.000764 0.002740
0.000764 0.003069
0.001093 0.003069
0.001422 0.003069
0.000764 0.003069
0.000764 0.003399
0.001093 0.003399
0.001422 0.003399
0.000764 0.003399
0.001752 0.002740
0.001422 0.002740
0.001093 0.002740
0.001752 0.002740
0.001752 0.003069
0.002081 0.003069
0.002410 0.003069
0.001752 0.003069
0.001752 0.003399
0.002081 0.003399
0.002410 0.003399
0.001752 0.003399
0.002740 0.002740
0.002410 0.002740
0.002081 0.002740
0.003728 -0.000225
0.003728 0.000105
0.004057 0.000105
0.004387 0.000105
0.003728 0.000105
0.003728 0.000434
0.004057 0.000434
0.004387 0.000434
0.003728 0.000434
0.004716 -0.000225
0.004387 -0.000225
0.004057 -0.000225
0.003728 0.000764
0.003728 0.001093
0.004057 0.001093
0.004387 0.001093
0.003728 0.001093
0.003728 0.001422
0.004057 0.001422
0.004387 0.001422
0.003728 0.001422
0.004716 0.000764
0.004387 0.000764
0.004057 0.000764
0.003728 0.001752
0.003728 0.002081
0.004057 0.002081
0.004387 0.002081
0.003728 0.002081
0.003728 0.002410
0.004057 0.002410
0.004387 0.002410
0.003728 0.002410
0.004716 0.001752
0.004387 0.001752
0.004057 0.001752
0.003728 0.002740
0.003728 0.003069
0.004057 0.003069
0.004387 0.003069
0.003728 0.003069
0.003728 0.003399
0.004057 0.003399
0.004387 0.003399
0.003728 0.003399
0.004716 0.002740
0.004387 0.002740
0.004057 0.002740
0.003728 0.003728
0.003728 0.004057
0.004057 0.004057
0.004387 0.004057
0.003728 0.004057
0.003728 0.004387
0.004057 0.004387
0.004387 0.004387
0.003728 0.004387
0.004716 0.003728
0.004387 0.003728
0.004057 0.003728
-0.000225 0.003728
-0.000225 0.004057
0.000105 0.004057
0.000434 0.004057
-0.000225 0.004057
-0.000225 0.004387
0.000105 0.004387
0.000434 0.004387
-0.000225 0.004387
0.000764 0.003728
0.000434 0.003728
0.000105 0.003728
0.000764 0.003728
0.000764 0.004057
0.001093 0.004057
0.001422 0.004057
0.000764 0.004057
0.000764 0.004387
0.001093 0.004387
0.001422 0.004387
0.000764 0.004387
0.001752 0.003728
0.001422 0.003728
0.001093 0.003728
0.001752 0.003728
0.001752 0.004057
0.002081 0.004057
0.002410 0.004057
0.001752 0.004057
0.001752 0.004387
0.002081 0.004387
0.002410 0.004387
0.001752 0.004387
0.002740 0.003728
0.002410 0.003728
0.002081 0.003728
0.002740 0.003728
0.002740 0.004057
0.003069 0.004057
0.003399 0.004057
0.002740 0.004057
0.002740 0.004387
0.003069 0.004387
0.003399 0.004387
0.002740 0.004387
0.003728 0.003728
0.003399 0.003728
0.003069 0.003728
0.004716 -0.000225
0.004716 0.000105
0.005046 0.000105
0.005375 0.000105
0.004716 0.000105
0.004716 0.000434
0.005046 0.000434
0.005375 0.000434
0.004716 0.000434
0.005704 -0.000225
0.005375 -0.000225
0.005046 -0.000225
0.004716 0.000764
0.004716 0.001093
0.005046 0.001093
0.005375 0.001093
0.004716 0.001093
0.004716 0.001422
0.005046 0.001422
0.005375 0.001422
0.004716 0.001422
0.005704 0.000764
0.005375 0.000764
0.005046 0.000764
0.004716 0.001752
0.004716 0.002081
0.005046 0.002081
0.005375 0.002081
0.004716 0.002081
0.004716 0.002410
0.005046 0.002410
0.005375 0.002410
0.004716 0.002410
0.005704 0.001752
0.005375 0.001752
0.005046 0.001752
0.004716 0.002740
0.004716 0.003069
0.005046 0.003069
0.005375 0.003069
0.004716 0.003069
0.004716 0.003399
0.005046 0.003399
0.005375 0.003399
0.004716 0.003399
0.005704 0.002740
0.005375 0.002740
0.005046 0.002740
0.004716 0.003728
0.004716 0.004057
0.005046 0.004057
0.005375 0.004057
0.004716 0.004057
0.004716 0.004387
0.005046 0.004387
0.005375 0.004387
0.004716 0.004387
0.005704 0.003728
0.005375 0.003728
0.005046 0.003728
0.004716 0.004716
0.004716 0.005046
0.005046 0.005046
0.005375 0.005046
0.004716 0.005046
0.004716 0.005375
0.005046 0.005375
0.005375 0.005375
0.004716 0.005375
0.005704 0.004716
0.005375 0.004716
0.005046 0.004716
-0.000225 0.004716
-0.000225 0.005046
0.000105 0.005046
0.000434 0.005046
-0.000225 0.005046
-0.000225 0.005375
0.000105 0.005375
0.000434 0.005375
-0.000225 0.005375
0.000764 0.004716
0.000434 0.004716
0.000105 0.004716
0.000764 0.004716
0.000764 0.005046
0.001093 0.005046
0.001422 0.005046
0.000764 0.005046
0.000764 0.005375
0.001093 0.005375
0.001422 0.005375
0.000764 0.005375
0.001752 0.004716
0.001422 0.004716
0.001093 0.004716
0.001752 0.004716
0.001752 0.005046
0.002081 0.005046
0.002410 0.005046
0.001752 0.005046
0.001752 0.005375
0.002081 0.005375
0.002410 0.005375
0.001752 0.005375
0.002740 0.004716
0.002410 0.004716
0.002081 0.004716
0.002740 0.004716
0.002740 0.005046
0.003069 0.005046
0.003399 0.005046
0.002740 0.005046
0.002740 0.005375
0.003069 0.005375
0.003399 0.005375
0.002740 0.005375
0.003728 0.004716
0.003399 0.004716
0.003069 0.004716
0.003728 0.004716
0.003728 0.005046
0.004057 0.005046
0.004387 0.005046
0.003728 0.005046
0.003728 0.005375
0.004057 0.005375
0.004387 0.005375
0.003728 0.005375
0.004716 0.004716
0.004387 0.004716
0.004057 0.004716
0.005704 -0.000225
0.005704 0.000105
0.006034 0.000105
0.006363 0.000105
0.005704 0.000105
0.005704 0.000434
0.006034 0.000434
0.006363 0.000434
0.005704 0.000434
0.006692 -0.000225
0.006363 -0.000225
0.006034 -0.000225
0.005704 0.000764
0.005704 0.001093
0.006034 0.001093
0.006363 0.001093
0.005704 0.001093
0.005704 0.001422
0.006034 0.001422
0.006363 0.001422
0.005704 0.001422
0.006692 0.000764
0.006363 0.000764
0.006034 0.000764
0.005704 0.001752
0.005704 0.002081
0.006034 0.002081
0.006363 0.002081
0.005704 0.002081
0.005704 0.002410
0.006034 0.002410
0.006363 0.002410
0.005704 0.002410
0.006692 0.001752
0.006363 0.001752
0.006034 0.001752
0.005704 0.002740
0.005704 0.003069
0.006034 0.003069
0.006363 0.003069
0.005704 0.003069
0.005704 0.003399
0.006034 0.003399
0.006363 0.003399
0.005704 0.003399
0.006692 0.002740
0.006363 0.002740
0.006034 0.002740
0.005704 0.003728
0.005704 0.004057
0.006034 0.004057
0.006363 0.004057
0.005704 0.004057
0.005704 0.004387
0.006034 0.004387
0.006363 0.004387
0.005704 0.004387
0.006692 0.003728
0.006363 0.003728
0.006034 0.003728
0.005704 0.004716
0.005704 0.005046
0.006034 0.005046
0.006363 0.005046
0.005704 0.005046
0.005704 0.005375
0.006034 0.005375
0.006363 0.005375
0.005704 0.005375
0.006692 0.004716
0.006363 0.004716
0.006034 0.004716
0.005704 0.005704
0.005704 0.006034
0.006034 0.006034
0.006363 0.006034
0.005704 0.006034
0.005704 0.006363
0.006034 0.006363
0.006363 0.006363
0.005704 0.006363
0.006692 0.005704
0.006363 0.005704
0.006034 0.005704
-0.000225 0.005704
-0.000225 0.006034
0.000105 0.006034
0.000434 0.006034
-0.000225 0.006034
-0.000225 0.006363
0.000105 0.006363
0.000434 0.006363
-0.000225 0.006363
0.000764 0.005704
0.000434 0.005704
0.000105 0.005704
0.000764 0.005704
0.000764 0.006034
0.001093 0.006034
0.001422 0.006034
0.000764 0.006034
0.000764 0.006363
0.001093 0.006363
0.001422 0.006363
0.000764 0.006363
0.001752 0.005704
0.001422 0.005704
0.001093 0.005704
0.001752 0.005704
0.001752 0.006034
0.002081 0.006034
0.002410 0.006034
0.001752 0.006034
0.001752 0.006363
0.002081 0.006363
0.002410 0.006363
0.001752 0.006363
0.002740 0.005704
0.002410 0.005704
0.002081 0.005704
0.002740 0.005704
0.002740 0.006034
0.003069 0.006034
0.003399 0.006034
0.002740 0.006034
0.002740 0.006363
0.003069 0.006363
0.003399 0.006363
0.002740 0.006363
0.003728 0.005704
0.003399 0.005704
0.003069 0.005704
0.003728 0.005704
0.003728 0.006034
0.004057 0.006034
0.004387 0.006034
0.003728 0.006034
0.003728 0.006363
0.004057 0.006363
0.004387 0.006363
0.003728 0.006363
0.004716 0.005704
0.004387 0.005704
0.004057 0.005704
0.004716 0.005704
0.004716 0.006034
0.005046 0.006034
0.005375 0.006034
0.004716 0.006034
0.004716 0.006363
0.005046 0.006363
0.005375 0.006363
0.004716 0.006363
0.005704 0.005704
0.005375 0.005704
0.005046 0.005704
0.006692 -0.000225
0.006692 0.000105
0.007022 0.000105
0.007351 0.000105
0.006692 0.000105
0.006692 0.000434
0.007022 0.000434
0.007351 0.000434
0.006692 0.000434
0.007681 -0.000225
0.007351 -0.000225
0.007022 -0.000225
0.006692 0.000764
0.006692 0.001093
0.007022 0.001093
0.007351 0.001093
0.006692 0.001093
0.006692 0.001422
0.007022 0.001422
0.007351 0.001422
0.006692 0.001422
0.007681 0.000764
0.007351 0.000764
0.007022 0.000764
0.006692 0.001752
0.006692 0.002081
0.007022 0.002081
0.007351 0.002081
0.006692 0.002081
0.006692 0.002410
0.007022 0.002410
0.007351 0.002410
0.006692 0.002410
0.007681 0.001752
0.007351 0.001752
0.007022 0.001752
0.006692 0.002740
0.006692 0.003069
0.007022 0.003069
0.007351 0.003069
0.006692 0.003069
0.006692 0.003399
0.007022 0.003399
0.007351 0.003399
0.006692 0.003399
0.007681 0.002740
0.007351 0.002740
0.007022 0.002740
0.006692 0.003728
0.006692 0.004057
0.007022 0.004057
0.007351 0.004057
0.006692 0.004057
0.006692 0.004387
0.007022 0.004387
0.007351 0.004387
0.006692 0.004387
0.007681 0.003728
0.007351 0.003728
0.007022 0.003728
0.006692 0.004716
0.006692 0.005046
0.007022 0.005046
0.007351 0.005046
0.006692 0.005046
0.006692 0.005375
0.007022 0.005375
0.007351 0.005375
0.006692 0.005375
0.007681 0.004716
0.007351 0.004716
0.007022 0.004716
0.006692 0.005704
0.006692 0.006034
0.007022 0.006034
0.007351 0.006034
0.006692 0.006034
0.006692 0.006363
0.007022 0.006363
0.007351 0.006363
0.006692 0.006363
0.007681 0.005704
0.007351 0.005704
0.007022 0.005704
0.006692 0.006692
0.006692 0.007022
0.007022 0.007022
0.007351 0.007022
0.006692 0.007022
0.006692 0.007351
0.007022 0.007351
0.007351 0.007351
0.006692 0.007351
0.007681 0.006692
0.007351 0.006692
0.007022 0.006692
-0.000225 0.006692
-0.000225 0.007022
0.000105 0.007022
0.000434 0.007022
-0.000225 0.007022
-0.000225 0.007351
0.000105 0.007351
0.000434 0.007351
-0.000225 0.007351
0.000764 0.006692
0.000434 0.006692
0.000105 0.006692
0.000764 0.006692
0.000764 0.007022
0.001093 0.007022
0.001422 0.007022
0.000764 0.007022
0.000764 0.007351
0.001093 0.007351
0.001422 0.007351
0.000764 0.007351
0.001752 0.006692
0.001422 0.006692
0.001093 0.006692
0.001752 0.006692
0.001752 0.007022
0.002081 0.007022
0.002410 0.007022
0.001752 0.007022
0.001752 0.007351
0.002081 0.007351
0.002410 0.007351
0.001752 0.007351
0.002740 0.006692
0.002410 0.006692
0.002081 0.006692
0.002740 0.006692
0.002740 0.007022
0.003069 0.007022
0.003399 0.007022
0.002740 0.007022
0.002740 0.007351
0.003069 0.007351
0.003399 0.007351
0.002740 0.007351
0.003728 0.006692
0.003399 0.006692
0.003069 0.006692
0.003728 0.006692
0.003728 0.007022
0.004057 0.007022
0.004387 0.007022
0.003728 0.007022
0.003728 0.007351
0.004057 0.007351
0.004387 0.007351
0.003728 0.007351
0.004716 0.006692
0.004387 0.006692
0.004057 0.006692
0.004716 0.006692
0.004716 0.007022
0.005046 0.007022
0.005375 0.007022
0.004716 0.007022
0.004716 0.007351
0.005046 0.007351
0.005375 0.007351
0.004716 0.007351
0.005704 0.006692
0.005375 0.006692
0.005046 0.006692
0.005704 0.006692
0.005704 0.007022
0.006034 0.007022
0.006363 0.007022
0.005704 0.007022
0.005704 0.007351
0.006034 0.007351
0.006363 0.007351
0.005704 0.007351
0.006692 0.006692
0.006363 0.006692
0.006034 0.006692
0.007681 -0.000225
0.007681 0.000105
0.008010 0.000105
0.008339 0.000105
0.007681 0.000105
0.007681 0.000434
0.008010 0.000434
0.008339 0.000434
0.007681 0.000434
0.008669 -0.000225
0.008339 -0.000225
0.008010 -0.000225
0.007681 0.000764
0.007681 0.001093
0.008010 0.001093
0.008339 0.001093
0.007681 0.001093
0.007681 0.001422
0.008010 0.001422
0.008339 0.001422
0.007681 0.001422
0.008669 0.000764
0.008339 0.000764
0.008010 0.000764
0.007681 0.001752
0.007681 0.002081
0.008010 0.002081
0.008339 0.002081
0.007681 0.002081
0.007681 0.002410
0.008010 0.002410
0.008339 0.002410
0.007681 0.002410
0.008669 0.001752
0.008339 0.001752
0.008010 0.001752
0.007681 0.002740
0.007681 0.003069
0.008010 0.003069
0.008339 0.003069
0.007681 0.003069
0.007681 0.003399
0.008010 0.003399
0.008339 0.003399
0.007681 0.003399
0.008669 0.002740
0.008339 0.002740
0.008010 0.002740
0.007681 0.003728
0.007681 0.004057
0.008010 0.004057
0.008339 0.004057
0.007681 0.004057
0.007681 0.004387
0.008010 0.004387
0.008339 0.004387
0.007681 0.004387
0.008669 0.003728
0.008339 0.003728
0.008010 0.003728
0.007681 0.004716
0.007681 0.005046
0.008010 0.005046
0.008339 0.005046
0.007681 0.005046
0.007681 0.005375
0.008010 0.005375
0.008339 0.005375
0.007681 0.005375
0.008669 0.004716
0.008339 0.004716
0.008010 0.004716
0.007681 0.005704
0.007681 0.006034
0.008010 0.006034
0.008339 0.006034
0.007681 0.006034
0.007681 0.006363
0.008010 0.006363
0.008339 0.006363
0.007681 0.006363
0.008669 0.005704
0.008339 0.005704
0.008010 0.005704
0.007681 0.006692
0.007681 0.007022
0.008010 0.007022
0.008339 0.007022
0.007681 0.007022
0.007681 0.007351
0.008010 0.007351
0.008339 0.007351
0.007681 0.007351
0.008669 0.006692
0.008339 0.006692
0.008010 0.006692
0.007681 0.007681
0.007681 0.008010
0.008010 0.008010
0.008339 0.008010
0.007681 0.008010
0.007681 0.008339
0.008010 0.008339
0.008339 0.008339
0.007681 0.008339
0.008669 0.007681
0.008339 0.007681
0.008010 0.007681
-0.000225 0.007681
-0.000225 0.008010
0.000105 0.008010
0.000434 0.008010
-0.000225 0.008010
-0.000225 0.008339
0.000105 0.008339
0.000434 0.008339
-0.000225 0.008339
0.000764 0.007681
0.000434 0.007681
0.000105 0.007681
0.000764 0.007681
0.000764 0.008010
0.001093 0.008010
0.001422 0.008010
0.000764 0.008010
0.000764 0.008339
0.001093 0.008339
0.001422 0.008339
0.000764 0.008339
0.001752 0.007681
0.001422 0.007681
0.001093 0.007681
0.001752 0.007681
0.001752 0.008010
0.002081 0.008010
0.002410 0.008010
0.001752 0.008010
0.001752 0.008339
0.002081 0.008339
0.002410 0.008339
0.001752 0.008339
0.002740 0.007681
0.002410 0.007681
0.002081 0.007681
0.002740 0.007681
0.002740 0.008010
0.003069 0.008010
0.003399 0.008010
0.002740 0.008010
0.002740 0.008339
0.003069 0.008339
0.003399 0.008339
0.002740 0.008339
0.003728 0.007681
0.003399 0.007681
0.003069 0.007681
0.003728 0.007681
0.003728 0.008010
0.004057 0.008010
0.004387 0.008010
0.003728 0.008010
0.003728 0.008339
0.004057 0.008339
0.004387 0.008339
0.003728 0.008339
0.004716 0.007681
0.004387 0.007681
0.004057 0.007681
0.004716 0.007681
0.004716 0.008010
0.005046 0.008010
0.005375 0.008010
0.004716 0.008010
0.004716 0.008339
0.005046 0.008339
0.005375 0.008339
0.004716 0.008339
0.005704 0.007681
0.005375 0.007681
0.005046 0.007681
0.005704 0.007681
0.005704 0.008010
0.006034 0.008010
0.006363 0.008010
0.005704 0.008010
0.005704 0.008339
0.006034 0.008339
0.006363 0.008339
0.005704 0.008339
0.006692 0.007681
0.006363 0.007681
0.006034 0.007681
0.006692 0.007681
0.006692 0.008010
0.007022 0.008010
0.007351 0.008010
0.006692 0.008010
0.006692 0.008339
0.007022 0.008339
0.007351 0.008339
0.006692 0.008339
0.007681 0.007681
0.007351 0.007681
0.007022 0.007681
0.008669 -0.000225
0.008669 0.000105
0.008998 0.000105
0.009328 0.000105
0.008669 0.000105
0.008669 0.000434
0.008998 0.000434
0.009328 0.000434
0.008669 0.000434
0.009657 -0.000225
0.009328 -0.000225
0.008998 -0.000225
0.008669 0.000764
0.008669 0.001093
0.008998 0.001093
0.009328 0.001093
0.008669 0.001093
0.008669 0.001422
0.008998 0.001422
0.009328 0.001422
0.008669 0.001422
0.009657 0.000764
0.009328 0.000764
0.008998 0.000764
0.008669 0.001752
0.008669 0.002081
0.008998 0.002081
0.009328 0.002081
0.008669 0.002081
0.008669 0.002410
0.008998 0.002410
0.009328 0.002410
0.008669 0.002410
0.009657 0.001752
0.009328 0.001752
0.008998 0.001752
0.008669 0.002740
0.008669 0.003069
0.008998 0.003069
0.009328 0.003069
0.008669 0.003069
0.008669 0.003399
0.008998 0.003399
0.009328 0.003399
0.008669 0.003399
0.009657 0.002740
0.009328 0.002740
0.008998 0.002740
0.008669 0.003728
0.008669 0.004057
0.008998 0.004057
0.009328 0.004057
0.008669 0.004057
0.008669 0.004387
0.008998 0.004387
0.009328 0.004387
0.008669 0.004387
0.009657 0.003728
0.009328 0.003728
0.008998 0.003728
0.008669 0.004716
0.008669 0.005046
0.008998 0.005046
0.009328 0.005046
0.008669 0.005046
0.008669 0.005375
0.008998 0.005375
0.009328 0.005375
0.008669 0.005375
0.009657 0.004716
0.009328 0.004716
0.008998 0.004716
0.008669 0.005704
0.008669 0.006034
0.008998 0.006034
0.009328 0.006034
0.008669 0.006034
0.008669 0.006363
0.008998 0.006363
0.009328 0.006363
0.008669 0.006363
0.009657 0.005704
0.009328 0.005704
0.008998 0.005704
0.008669 0.006692
0.008669 0.007022
0.008998 0.007022
0.009328 0.007022
0.008669 0.007022
0.008669 0.007351
0.008998 0.007351
0.009328 0.007351
0.008669 0.007351
0.009657 0.006692
0.009328 0.006692
0.008998 0.006692
0.008669 0.007681
0.008669 0.008010
0.008998 0.008010
0.009328 0.008010
0.008669 0.008010
0.008669 0.008339
0.008998 0.008339
0.009328 0.008339
0.008669 0.008339
0.009657 0.007681
0.009328 0.007681
0.008998 0.007681
0.008669 0.008669
0.008669 0.008998
0.008998 0.008998
0.009328 0.008998
0.008669 0.008998
0.008669 0.009328
0.008998 0.009328
0.009328 0.009328
0.008669 0.009328
0.009657 0.008669
0.009328 0.008669
0.008998 0.008669
-0.000225 0.008669
-0.000225 0.008998
0.000105 0.008998
0.000434 0.008998
-0.000225 0.008998
-0.000225 0.009328
0.000105 0.009328
0.000434 0.009328
-0.000225 0.009328
0.000764 0.008669
0.000434 0.008669
0.000105 0.008669
0.000764 0.008669
0.000764 0.008998
0.001093 0.008998
0.001422 0.008998
0.000764 0.008998
0.000764 0.009328
0.001093 0.009328
0.001422 0.009328
0.000764 0.009328
0.001752 0.008669
0.001422 0.008669
0.001093 0.008669
0.001752 0.008669
0.001752 0.008998
0.002081 0.008998
0.002410 0.008998
0.001752 0.008998
0.001752 0.009328
0.002081 0.009328
0.002410 0.009328
0.001752 0.009328
0.002740 0.008669
0.002410 0.008669
0.002081 0.008669
0.002740 0.008669
0.002740 0.008998
0.003069 0.008998
0.003399 0.008998
0.002740 0.008998
0.002740 0.009328
0.003069 0.009328
0.003399 0.009328
0.002740 0.009328
0.003728 0.008669
0.003399 0.008669
0.003069 0.008669
0.003728 0.008669
0.003728 0.008998
0.004057 0.008998
0.004387 0.008998
0.003728 0.008998
0.003728 0.009328
0.004057 0.009328
0.004387 0.009328
0.003728 0.009328
0.004716 0.008669
0.004387 0.008669
0.004057 0.008669
0.004716 0.008669
0.004716 0.008998
0.005046 0.008998
0.005375 0.008998
0.004716 0.008998
0.004716 0.009328
0.005046 0.009328
0.005375 0.009328
0.004716 0.009328
0.005704 0.008669
0.005375 0.008669
0.005046 0.008669
0.005704 0.008669
0.005704 0.008998
0.006034 0.008998
0.006363 0.008998
0.005704 0.008998
0.005704 0.009328
0.006034 0.009328
0.006363 0.009328
0.005704 0.009328
0.006692 0.008669
0.006363 0.008669
0.006034 0.008669
0.006692 0.008669
0.006692 0.008998
0.007022 0.008998
0.007351 0.008998
0.006692 0.008998
0.006692 0.009328
0.007022 0.009328
0.007351 0.009328
0.006692 0.009328
0.007681 0.008669
0.007351 0.008669
0.007022 0.008669
0.007681 0.008669
0.007681 0.008998
0.008010 0.008998
0.008339 0.008998
0.007681 0.008998
0.007681 0.009328
0.008010 0.009328
0.008339 0.009328
0.007681 0.009328
0.008669 0.008669
0.008339 0.008669
0.008010 0.008669
0.009657 -0.000225
0.009657 0.000105
0.009986 0.000105
0.010316 0.000105
0.009657 0.000105
0.009657 0.000434
0.009986 0.000434
0.010316 0.000434
0.009657 0.000434
0.010645 -0.000225
0.010316 -0.000225
0.009986 -0.000225
0.009657 0.000764
0.009657 0.001093
0.009986 0.001093
0.010316 0.001093
0.009657 0.001093
0.009657 0.001422
0.009986 0.001422
0.010316 0.001422
0.009657 0.001422
0.010645 0.000764
0.010316 0.000764
0.009986 0.000764
0.009657 0.001752
0.009657 0.002081
0.009986 0.002081
0.010316 0.002081
0.009657 0.002081
0.009657 0.002410
0.009986 0.002410
0.010316 0.002410
0.009657 0.002410
0.010645 0.001752
0.010316 0.001752
0.009986 0.001752
0.009657 0.002740
0.009657 0.003069
0.009986 0.003069
0.010316 0.003069
0.009657 0.003069
0.009657 0.003399
0.009986 0.003399
0.010316 0.003399
0.009657 0.003399
0.010645 0.002740
0.010316 0.002740
0.009986 0.002740
0.009657 0.003728
0.009657 0.004057
0.009986 0.004057
0.010316 0.004057
0.009657 0.004057
0.009657 0.004387
0.009986 0.004387
0.010316 0.004387
0.009657 0.004387
0.010645 0.003728
0.010316 0.003728
0.009986 0.003728
0.009657 0.004716
0.009657 0.005046
0.009986 0.005046
0.010316 0.005046
0.009657 0.005046
0.009657 0.005375
0.009986 0.005375
0.010316 0.005375
0.009657 0.005375
0.010645 0.004716
0.010316 0.004716
0.009986 0.004716
0.009657 0.005704
0.009657 0.006034
0.009986 0.006034
0.010316 0.006034
0.009657 0.006034
0.009657 0.006363
0.009986 0.006363
0.010316 0.006363
0.009657 0.006363
0.010645 0.005704
0.010316 0.005704
0.009986 0.005704
0.009657 0.006692
0.009657 0.007022
0.009986 0.007022
0.010316 0.007022
0.009657 0.007022
0.009657 0.007351
0.009986 0.007351
0.010316 0.007351
0.009657 0.007351
0.010645 0.006692
0.010316 0.006692
0.009986 0.006692
0.009657 0.007681
0.009657 0.008010
0.009986 0.008010
0.010316 0.008010
0.009657 0.008010
0.009657 0.008339
0.009986 0.008339
0.010316 0.008339
0.009657 0.008339
0.010645 0.007681
0.010316 0.007681
0.009986 0.007681
0.009657 0.008669
0.009657 0.008998
0.009986 0.008998
0.010316 0.008998
0.009657 0.008998
0.009657 0.009328
0.009986 0.009328
0.010316 0.009328
0.009657 0.009328
0.010645 0.008669
0.010316 0.008669
0.009986 0.008669
0.009657 0.009657
0.009657 0.009986
0.009986 0.009986
0.010316 0.009986
0.009657 0.009986
0.009657 0.010316
0.009986 0.010316
0.010316 0.010316
0.009657 0.010316
0.010645 0.009657
0.010316 0.009657
0.009986 0.009657
-0.000225 0.009657
-0.000225 0.009986
0.000105 0.009986
0.000434 0.009986
-0.000225 0.009986
-0.000225 0.010316
0.000105 0.010316
0.000434 0.010316
-0.000225 0.010316
0.000764 0.009657
0.000434 0.009657
0.000105 0.009657
0.000764 0.009657
0.000764 0.009986
0.001093 0.009986
0.001422 0.009986
0.000764 0.009986
0.000764 0.010316
0.001093 0.010316
0.001422 0.010316
0.000764 0.010316
0.001752 0.009657
0.001422 0.009657
0.001093 0.009657
0.001752 0.009657
0.001752 0.009986
0.002081 0.009986
0.002410 0.009986
0.001752 0.009986
0.001752 0.010316
0.002081 0.010316
0.002410 0.010316
0.001752 0.010316
0.002740 0.009657
0.002410 0.009657
0.002081 0.009657
0.002740 0.009657
0.002740 0.009986
0.003069 0.009986
0.003399 0.009986
0.002740 0.009986
0.002740 0.010316
0.003069 0.010316
0.003399 0.010316
0.002740 0.010316
0.003728 0.009657
0.003399 0.009657
0.003069 0.009657
0.003728 0.009657
0.003728 0.009986
0.004057 0.009986
0.004387 0.009986
0.003728 0.009986
0.003728 0.010316
0.004057 0.010316
0.004387 0.010316
0.003728 0.010316
0.004716 0.009657
0.004387 0.009657
0.004057 0.009657
0.004716 0.009657
0.004716 0.009986
0.005046 0.009986
0.005375 0.009986
0.004716 0.009986
0.004716 0.010316
0.005046 0.010316
0.005375 0.010316
0.004716 0.010316
0.005704 0.009657
0.005375 0.009657
0.005046 0.009657
0.005704 0.009657
0.005704 0.009986
0.006034 0.009986
0.006363 0.009986
0.005704 0.009986
0.005704 0.010316
0.006034 0.010316
0.006363 0.010316
0.005704 0.010316
0.006692 0.009657
0.006363 0.009657
0.006034 0.009657
0.006692 0.009657
0.006692 0.009986
0.007022 0.009986
0.007351 0.009986
0.006692 0.009986
0.006692 0.010316
0.007022 0.010316
0.007351 0.010316
0.006692 0.010316
0.007681 0.009657
0.007351 0.009657
0.007022 0.009657
0.007681 0.009657
0.007681 0.009986
0.008010 0.009986
0.008339 0.009986
0.007681 0.009986
0.007681 0.010316
0.008010 0.010316
0.008339 0.010316
0.007681 0.010316
0.008669 0.009657
0.008339 0.009657
0.008010 0.009657
0.008669 0.009657
0.008669 0.009986
0.008998 0.009986
0.009328 0.009986
0.008669 0.009986
0.008669 0.010316
0.008998 0.010316
0.009328 0.010316
0.008669 0.010316
0.009657 0.009657
0.009328 0.009657
0.008998 0.009657
0.010645 -0.000225
0.010645 0.000105
0.010974 0.000105
0.011304 0.000105
0.010645 0.000105
0.010645 0.000434
0.010974 0.000434
0.011304 0.000434
0.010645 0.000434
0.011633 -0.000225
0.011304 -0.000225
0.010974 -0.000225
0.010645 0.000764
0.010645 0.001093
0.010974 0.001093
0.011304 0.001093
0.010645 0.001093
0.010645 0.001422
0.010974 0.001422
0.011304 0.001422
0.010645 0.001422
0.011633 0.000764
0.011304 0.000764
0.010974 0.000764
0.010645 0.001752
0.010645 0.002081
0.010974 0.002081
0.011304 0.002081
0.010645 0.002081
0.010645 0.002410
0.010974 0.002410
0.011304 0.002410
0.010645 0.002410
0.011633 0.001752
0.011304 0.001752
0.010974 0.001752
0.010645 0.002740
0.010645 0.003069
0.010974 0.003069
0.011304 0.003069
0.010645 0.003069
0.010645 0.003399
0.010974 0.003399
0.011304 0.003399
0.010645 0.003399
0.011633 0.002740
0.011304 0.002740
0.010974 0.002740
0.010645 0.003728
0.010645 0.004057
0.010974 0.004057
0.011304 0.004057
0.010645 0.004057
0.010645 0.004387
0.010974 0.004387
0.011304 0.004387
0.010645 0.004387
0.011633 0.003728
0.011304 0.003728
0.010974 0.003728
0.010645 0.004716
0.010645 0.005046
0.010974 0.005046
0.011304 0.005046
0.010645 0.005046
0.010645 0.005375
0.010974 0.005375
0.011304 0.005375
0.010645 0.005375
0.011633 0.004716
0.011304 0.004716
0.010974 0.004716
0.010645 0.005704
0.010645 0.006034
0.010974 0.006034
0.011304 0.006034
0.010645 0.006034
0.010645 0.006363
0.010974 0.006363
0.011304 0.006363
0.010645 0.006363
0.011633 0.005704
0.011304 0.005704
0.010974 0.005704
0.010645 0.006692
0.010645 0.007022
0.010974 0.007022
0.011304 0.007022
0.010645 0.007022
0.010645 0.007351
0.010974 0.007351
0.011304 0.007351
0.010645 0.007351
0.011633 0.006692
0.011304 0.006692
0.010974 0.006692
0.010645 0.007681
0.010645 0.008010
0.010974 0.008010
0.011304 0.008010
0.010645 0.008010
0.010645 0.008339
0.010974 0.008339
0.011304 0.008339
0.010645 0.008339
0.011633 0.007681
0.011304 0.007681
0.010974 0.007681
0.010645 0.008669
0.010645 0.008998
0.010974 0.008998
0.011304 0.008998
0.010645 0.008998
0.010645 0.009328
0.010974 0.009328
0.011304 0.009328
0.010645 0.009328
0.011633 0.008669
0.011304 0.008669
0.010974 0.008669
0.010645 0.009657
0.010645 0.009986
0.010974 0.009986
0.011304 0.009986
0.010645 0.009986
0.010645 0.010316
0.010974 0.010316
0.011304 0.010316
0.010645 0.010316
0.011633 0.009657
0.011304 0.009657
0.010974 0.009657
0.010645 0.010645
0.010645 0.010974
0.010974 0.010974
0.011304 0.010974
0.010645 0.010974
0.010645 0.011304
0.010974 0.011304
0.011304 0.011304
0.010645 0.011304
0.011633 0.010645
0.011304 0.010645
0.010974 0.010645
-0.000225 0.010645
-0.000225 0.010974
0.000105 0.010974
0.000434 0.010974
-0.000225 0.010974
-0.000225 0.011304
0.000105 0.011304
0.000434 0.011304
-0.000225 0.011304
0.000764 0.010645
0.000434 0.010645
0.000105 0.010645
0.000764 0.010645
0.000764 0.010974
0.001093 0.010974
0.001422 0.010974
0.000764 0.010974
0.000764 0.011304
0.001093 0.011304
0.001422 0.011304
0.000764 0.011304
0.001752 0.010645
0.001422 0.010645
0.001093 0.010645
0.001752 0.010645
0.001752 0.010974
0.002081 0.010974
0.002410 0.010974
0.001752 0.010974
0.001752 0.011304
0.002081 0.011304
0.002410 0.011304
0.001752 0.011304
0.002740 0.010645
0.002410 0.010645
0.002081 0.010645
0.002740 0.010645
0.002740 0.010974
0.003069 0.010974
0.003399 0.010974
0.002740 0.010974
0.002740 0.011304
0.003069 0.011304
0.003399 0.011304
0.002740 0.011304
0.003728 0.010645
0.003399 0.010645
0.003069 0.010645
0.003728 0.010645
0.003728 0.010974
0.004057 0.010974
0.004387 0.010974
0.003728 0.010974
0.003728 0.011304
0.004057 0.011304
0.004387 0.011304
0.003728 0.011304
0.004716 0.010645
0.004387 0.010645
0.004057 0.010645
0.004716 0.010645
0.004716 0.010974
0.005046 0.010974
0.005375 0.010974
0.004716 0.010974
0.004716 0.011304
0.005046 0.011304
0.005375 0.011304
0.004716 0.011304
0.005704 0.010645
0.005375 0.010645
0.005046 0.010645
0.005704 0.010645
0.005704 0.010974
0.006034 0.010974
0.006363 0.010974
0.005704 0.010974
0.005704 0.011304
0.006034 0.011304
0.006363 0.011304
0.005704 0.011304
0.006692 0.010645
0.006363 0.010645
0.006034 0.010645
0.006692 0.010645
0.006692 0.010974
0.007022 0.010974
0.007351 0.010974
0.006692 0.010974
0.006692 0.011304
0.007022 0.011304
0.007351 0.011304
0.006692 0.011304
0.007681 0.010645
0.007351 0.010645
0.007022 0.010645
0.007681 0.010645
0.007681 0.010974
0.008010 0.010974
0.008339 0.010974
0.007681 0.010974
0.007681 0.011304
0.008010 0.011304
0.008339 0.011304
0.007681 0.011304
0.008669 0.010645
0.008339 0.010645
0.008010 0.010645
0.008669 0.010645
0.008669 0.010974
0.008998 0.010974
0.009328 0.010974
0.008669 0.010974
0.008669 0.011304
0.008998 0.011304
0.009328 0.011304
0.008669 0.011304
0.009657 0.010645
0.009328 0.010645
0.008998 0.010645
0.009657 0.010645
0.009657 0.010974
0.009986 0.010974
0.010316 0.010974
0.009657 0.010974
0.009657 0.011304
0.009986 0.011304
0.010316 0.011304
0.009657 0.011304
0.010645 0.010645
0.010316 0.010645
0.009986 0.010645
0.011633 -0.000225
0.011633 0.000105
0.011963 0.000105
0.012292 0.000105
0.011633 0.000105
0.011633 0.000434
0.011963 0.000434
0.012292 0.000434
0.011633 0.000434
0.012621 -0.000225
0.012292 -0.000225
0.011963 -0.000225
0.011633 0.000764
0.011633 0.001093
0.011963 0.001093
0.012292 0.001093
0.011633 0.001093
0.011633 0.001422
0.011963 0.001422
0.012292 0.001422
0.011633 0.001422
0.012621 0.000764
0.012292 0.000764
0.011963 0.000764
0.011633 0.001752
0.011633 0.002081
0.011963 0.002081
0.012292 0.002081
0.011633 0.002081
0.011633 0.002410
0.011963 0.002410
0.012292 0.002410
0.011633 0.002410
0.012621 0.001752
0.012292 0.001752
0.011963 0.001752
0.011633 0.002740
0.011633 0.003069
0.011963 0.003069
0.012292 0.003069
0.011633 0.003069
0.011633 0.003399
0.011963 0.003399
0.012292 0.003399
0.011633 0.003399
0.012621 0.002740
0.012292 0.002740
0.011963 0.002740
0.011633 0.003728
0.011633 0.004057
0.011963 0.004057
0.012292 0.004057
0.011633 0.004057
0.011633 0.004387
0.011963 0.004387
0.012292 0.004387
0.011633 0.004387
0.012621 0.003728
0.012292 0.003728
0.011963 0.003728
0.011633 0.004716
0.011633 0.005046
0.011963 0.005046
0.012292 0.005046
0.011633 0.005046
0.011633 0.005375
0.011963 0.005375
0.012292 0.005375
0.011633 0.005375
0.012621 0.004716
0.012292 0.004716
0.011963 0.004716
0.011633 0.005704
0.011633 0.006034
0.011963 0.006034
0.012292 0.006034
0.011633 0.006034
0.011633 0.006363
0.011963 0.006363
0.012292 0.006363
0.011633 0.006363
0.012621 0.005704
0.012292 0.005704
0.011963 0.005704
0.011633 0.006692
0.011633 0.007022
0.011963 0.007022
0.012292 0.007022
0.011633 0.007022
0.011633 0.007351
0.011963 0.007351
0.012292 0.007351
0.011633 0.007351
0.012621 0.006692
0.012292 0.006692
0.011963 0.006692
0.011633 0.007681
0.011633 0.008010
0.011963 0.008010
0.012292 0.008010
0.011633 0.008010
0.011633 0.008339
0.011963 0.008339
0.012292 0.008339
0.011633 0.008339
0.012621 0.007681
0.012292 0.007681
0.011963 0.007681
0.011633 0.008669
0.011633 0.008998
0.011963 0.008998
0.012292 0.008998
0.011633 0.008998
0.011633 0.009328
0.011963 0.009328
0.012292 0.009328
0.011633 0.009328
0.012621 0.008669
0.012292 0.008669
0.011963 0.008669
0.011633 0.009657
0.011633 0.009986
0.011963 0.009986
0.012292 0.009986
0.011633 0.009986
0.011633 0.010316
0.011963 0.010316
0.012292 0.010316
0.011633 0.010316
0.012621 0.009657
0.012292 0.009657
0.011963 0.009657
0.011633 0.010645
0.011633 0.010974
0.011963 0.010974
0.012292 0.010974
0.011633 0.010974
0.011633 0.011304
0.011963 0.011304
0.012292 0.011304
0.011633 0.011304
0.012621 0.010645
0.012292 0.010645
0.011963 0.010645
0.011633 0.011633
0.011633 0.011963
0.011963 0.011963
0.012292 0.011963
0.011633 0.011963
0.011633 0.012292
0.011963 0.012292
0.012292 0.012292
0.011633 0.012292
0.012621 0.011633
0.012292 0.011633
0.011963 0.011633
-0.000225 0.011633
-0.000225 0.011963
0.000105 0.011963
0.000434 0.011963
-0.000225 0.011963
-0.000225 0.012292
0.000105 0.012292
0.000434 0.012292
-0.000225 0.012292
0.000764 0.011633
0.000434 0.011633
0.000105 0.011633
0.000764 0.011633
0.000764 0.011963
0.001093 0.011963
0.001422 0.011963
0.000764 0.011963
0.000764 0.012292
0.001093 0.012292
0.001422 0.012292
0.000764 0.012292
0.001752 0.011633
0.001422 0.011633
0.001093 0.011633
0.001752 0.011633
0.001752 0.011963
0.002081 0.011963
0.002410 0.011963
0.001752 0.011963
0.001752 0.012292
0.002081 0.012292
0.002410 0.012292
0.001752 0.012292
0.002740 0.011633
0.002410 0.011633
0.002081 0.011633
0.002740 0.011633
0.002740 0.011963
0.003069 0.011963
0.003399 0.011963
0.002740 0.011963
0.002740 0.012292
0.003069 0.012292
0.003399 0.012292
0.002740 0.012292
0.003728 0.011633
0.003399 0.011633
0.003069 0.011633
0.003728 0.011633
0.003728 0.011963
0.004057 0.011963
0.004387 0.011963
0.003728 0.011963
0.003728 0.012292
0.004057 0.012292
0.004387 0.012292
0.003728 0.012292
0.004716 0.011633
0.004387 0.011633
0.004057 0.011633
0.004716 0.011633
0.004716 0.011963
0.005046 0.011963
0.005375 0.011963
0.004716 0.011963
0.004716 0.012292
0.005046 0.012292
0.005375 0.012292
0.004716 0.012292
0.005704 0.011633
0.005375 0.011633
0.005046 0.011633
0.005704 0.011633
0.005704 0.011963
0.006034 0.011963
0.006363 0.011963
0.005704 0.011963
0.005704 0.012292
0.006034 0.012292
0.006363 0.012292
0.005704 0.012292
0.006692 0.011633
0.006363 0.011633
0.006034 0.011633
0.006692 0.011633
0.006692 0.011963
0.007022 0.011963
0.007351 0.011963
0.006692 0.011963
0.006692 0.012292
0.007022 0.012292
0.007351 0.012292
0.006692 0.012292
0.007681 0.011633
0.007351 0.011633
0.007022 0.011633
0.007681 0.011633
0.007681 0.011963
0.008010 0.011963
0.008339 0.011963
0.007681 0.011963
0.007681 0.012292
0.008010 0.012292
0.008339 0.012292
0.007681 0.012292
0.008669 0.011633
0.008339 0.011633
0.008010 0.011633
0.008669 0.011633
0.008669 0.011963
0.008998 0.011963
0.009328 0.011963
0.008669 0.011963
0.008669 0.012292
0.008998 0.012292
0.009328 0.012292
0.008669 0.012292
0.009657 0.011633
0.009328 0.011633
0.008998 0.011633
0.009657 0.011633
0.009657 0.011963
0.009986 0.011963
0.010316 0.011963
0.009657 0.011963
0.009657 0.012292
0.009986 0.012292
0.010316 0.012292
0.009657 0.012292
0.010645 0.011633
0.010316 0.011633
0.009986 0.011633
0.010645 0.011633
0.010645 0.011963
0.010974 0.011963
0.011304 0.011963
0.010645 0.011963
0.010645 0.012292
0.010974 0.012292
0.011304 0.012292
0.010645 0.012292
0.011633 0.011633
0.011304 0.011633
0.010974 0.011633
0.012621 -0.000225
0.012621 0.000105
0.012951 0.000105
0.013280 0.000105
0.012621 0.000105
0.012621 0.000434
0.012951 0.000434
0.013280 0.000434
0.012621 0.000434
0.013609 -0.000225
0.013280 -0.000225
0.012951 -0.000225
0.012621 0.000764
0.012621 0.001093
0.012951 0.001093
0.013280 0.001093
0.012621 0.001093
0.012621 0.001422
0.012951 0.001422
0.013280 0.001422
0.012621 0.001422
0.013609 0.000764
0.013280 0.000764
0.012951 0.000764
0.012621 0.001752
0.012621 0.002081
0.012951 0.002081
0.013280 0.002081
0.012621 0.002081
0.012621 0.002410
0.012951 0.002410
0.013280 0.002410
0.012621 0.002410
0.013609 0.001752
0.013280 0.001752
0.012951 0.001752
0.012621 0.002740
0.012621 0.003069
0.012951 0.003069
0.013280 0.003069
0.012621 0.003069
0.012621 0.003399
0.012951 0.003399
0.013280 0.003399
0.012621 0.003399
0.013609 0.002740
0.013280 0.002740
0.012951 0.002740
0.012621 0.003728
0.012621 0.004057
0.012951 0.004057
0.013280 0.004057
0.012621 0.004057
0.012621 0.004387
0.012951 0.004387
0.013280 0.004387
0.012621 0.004387
0.013609 0.003728
0.013280 0.003728
0.012951 0.003728
0.012621 0.004716
0.012621 0.005046
0.012951 0.005046
0.013280 0.005046
0.012621 0.005046
0.012621 0.005375
0.012951 0.005375
0.013280 0.005375
0.012621 0.005375
0.013609 0.004716
0.013280 0.004716
0.012951 0.004716
0.012621 0.005704
0.012621 0.006034
0.012951 0.006034
0.013280 0.006034
0.012621 0.006034
0.012621 0.006363
0.012951 0.006363
0.013280 0.006363
0.012621 0.006363
0.013609 0.005704
0.013280 0.005704
0.012951 0.005704
0.012621 0.006692
0.012621 0.007022
0.012951 0.007022
0.013280 0.007022
0.012621 0.007022
0.012621 0.007351
0.012951 0.007351
0.013280 0.007351
0.012621 0.007351
0.013609 0.006692
0.013280 0.006692
0.012951 0.006692
0.012621 0.007681
0.012621 0.008010
0.012951 0.008010
0.013280 0.008010
0.012621 0.008010
0.012621 0.008339
0.012951 0.008339
0.013280 0.008339
0.012621 0.008339
0.013609 0.007681
0.013280 0.007681
0.012951 0.007681
0.012621 0.008669
0.012621 0.008998
0.012951 0.008998
0.013280 0.008998
0.012621 0.008998
0.012621 0.009328
0.012951 0.009328
0.013280 0.009328
0.012621 0.009328
0.013609 0.008669
0.013280 0.008669
0.012951 0.008669
0.012621 0.009657
0.012621 0.009986
0.012951 0.009986
0.013280 0.009986
0.012621 0.009986
0.012621 0.010316
0.012951 0.010316
0.013280 0.010316
0.012621 0.010316
0.013609 0.009657
0.013280 0.009657
0.012951 0.009657
0.012621 0.010645
0.012621 0.010974
0.012951 0.010974
0.013280 0.010974
0.012621 0.010974
0.012621 0.011304
0.012951 0.011304
0.013280 0.011304
0.012621 0.011304
0.013609 0.010645
0.013280 0.010645
0.012951 0.010645
0.012621 0.011633
0.012621 0.011963
0.012951 0.011963
0.013280 0.011963
0.012621 0.011963
0.012621 0.012292
0.012951 0.012292
0.013280 0.012292
0.012621 0.012292
0.013609 0.011633
0.013280 0.011633
0.012951 0.011633
0.012621 0.012621
0.012621 0.012951
0.012951 0.012951
0.013280 0.012951
0.012621 0.012951
0.012621 0.013280
0.012951 0.013280
0.013280 0.013280
0.012621 0.013280
0.013609 0.012621
0.013280 0.012621
0.012951 0.012621
-0.000225 0.012621
-0.000225 0.012951
0.000105 0.012951
0.000434 0.012951
-0.000225 0.012951
-0.000225 0.013280
0.000105 0.013280
0.000434 0.013280
-0.000225 0.013280
0.000764 0.012621
0.000434 0.012621
0.000105 0.012621
0.000764 0.012621
0.000764 0.012951
0.001093 0.012951
0.001422 0.012951
0.000764 0.012951
0.000764 0.013280
0.001093 0.013280
0.001422 0.013280
0.000764 0.013280
0.001752 0.012621
0.001422 0.012621
0.001093 0.012621
0.001752 0.012621
0.001752 0.012951
0.002081 0.012951
0.002410 0.012951
0.001752 0.012951
0.001752 0.013280
0.002081 0.013280
0.002410 0.013280
0.001752 0.013280
0.002740 0.012621
0.002410 0.012621
0.002081 0.012621
0.002740 0.012621
0.002740 0.012951
0.003069 0.012951
0.003399 0.012951
0.002740 0.012951
0.002740 0.013280
0.003069 0.013280
0.003399 0.013280
0.002740 0.013280
0.003728 0.012621
0.003399 0.012621
0.003069 0.012621
0.003728 0.012621
0.003728 0.012951
0.004057 0.012951
0.004387 0.012951
0.003728 0.012951
0.003728 0.013280
0.004057 0.013280
0.004387 0.013280
0.003728 0.013280
0.004716 0.012621
0.004387 0.012621
0.004057 0.012621
0.004716 0.012621
0.004716 0.012951
0.005046 0.012951
0.005375 0.012951
0.004716 0.012951
0.004716 0.013280
0.005046 0.013280
0.005375 0.013280
0.004716 0.013280
0.005704 0.012621
0.005375 0.012621
0.005046 0.012621
0.005704 0.012621
0.005704 0.012951
0.006034 0.012951
0.006363 0.012951
0.005704 0.012951
0.005704 0.013280
0.006034 0.013280
0.006363 0.013280
0.005704 0.013280
0.006692 0.012621
0.006363 0.012621
0.006034 0.012621
0.006692 0.012621
0.006692 0.012951
0.007022 0.012951
0.007351 0.012951
0.006692 0.012951
0.006692 0.013280
0.007022 0.013280
0.007351 0.013280
0.006692 0.013280
0.007681 0.012621
0.007351 0.012621
0.007022 0.012621
0.007681 0.012621
0.007681 0.012951
0.008010 0.012951
0.008339 0.012951
0.007681 0.012951
0.007681 0.013280
0.008010 0.013280
0.008339 0.013280
0.007681 0.013280
0.008669 0.012621
0.008339 0.012621
0.008010 0.012621
0.008669 0.012621
0.008669 0.012951
0.008998 0.012951
0.009328 0.012951
0.008669 0.012951
0.008669 0.013280
0.008998 0.013280
0.009328 0.013280
0.008669 0.013280
0.009657 0.012621
0.009328 0.012621
0.008998 0.012621
0.009657 0.012621
0.009657 0.012951
0.009986 0.012951
0.010316 0.012951
0.009657 0.012951
0.009657 0.013280
0.009986 0.013280
0.010316 0.013280
0.009657 0.013280
0.010645 0.012621
0.010316 0.012621
0.009986 0.012621
0.010645 0.012621
0.010645 0.012951
0.010974 0.012951
0.011304 0.012951
0.010645 0.012951
0.010645 0.013280
0.010974 0.013280
0.011304 0.013280
0.010645 0.013280
0.011633 0.012621
0.011304 0.012621
0.010974 0.012621
0.011633 0.012621
0.011633 0.012951
0.011963 0.012951
0.012292 0.012951
0.011633 0.012951
0.011633 0.013280
0.011963 0.013280
0.012292 0.013280
0.011633 0.013280
0.012621 0.012621
0.012292 0.012621
0.011963 0.012621
0.013609 -0.000225
0.013609 0.000105
0.013939 0.000105
0.014268 0.000105
0.013609 0.000105
0.013609 0.000434
0.013939 0.000434
0.014268 0.000434
0.013609 0.000434
0.014598 -0.000225
0.014268 -0.000225
0.013939 -0.000225
0.013609 0.000764
0.013609 0.001093
0.013939 0.001093
0.014268 0.001093
0.013609 0.001093
0.013609 0.001422
0.013939 0.001422
0.014268 0.001422
0.013609 0.001422
0.014598 0.000764
0.014268 0.000764
0.013939 0.000764
0.013609 0.001752
0.013609 0.002081
0.013939 0.002081
0.014268 0.002081
0.013609 0.002081
0.013609 0.002410
0.013939 0.002410
0.014268 0.002410
0.013609 0.002410
0.014598 0.001752
0.014268 0.001752
0.013939 0.001752
0.013609 0.002740
0.013609 0.003069
0.013939 0.003069
0.014268 0.003069
0.013609 0.003069
0.013609 0.003399
0.013939 0.003399
0.014268 0.003399
0.013609 0.003399
0.014598 0.002740
0.014268 0.002740
0.013939 0.002740
0.013609 0.003728
0.013609 0.004057
0.013939 0.004057
0.014268 0.004057
0.013609 0.004057
0.013609 0.004387
0.013939 0.004387
0.014268 0.004387
0.013609 0.004387
0.014598 0.003728
0.014268 0.003728
0.013939 0.003728
0.013609 0.004716
0.013609 0.005046
0.013939 0.005046
0.014268 0.005046
0.013609 0.005046
0.013609 0.005375
0.013939 0.005375
0.014268 0.005375
0.013609 0.005375
0.014598 0.004716
0.014268 0.004716
0.013939 0.004716
0.013609 0.005704
0.013609 0.006034
0.013939 0.006034
0.014268 0.006034
0.013609 0.006034
0.013609 0.006363
0.013939 0.006363
0.014268 0.006363
0.013609 0.006363
0.014598 0.005704
0.014268 0.005704
0.013939 0.005704
0.013609 0.006692
0.013609 0.007022
0.013939 0.007022
0.014268 0.007022
0.013609 0.007022
0.013609 0.007351
0.013939 0.007351
0.014268 0.007351
0.013609 0.007351
0.014598 0.006692
0.014268 0.006692
0.013939 0.006692
0.013609 0.007681
0.013609 0.008010
0.013939 0.008010
0.014268 0.008010
0.013609 0.008010
0.013609 0.008339
0.013939 0.008339
0.014268 0.008339
0.013609 0.008339
0.014598 0.007681
0.014268 0.007681
0.013939 0.007681
0.013609 0.008669
0.013609 0.008998
0.013939 0.008998
0.014268 0.008998
0.013609 0.008998
0.013609 0.009328
0.013939 0.009328
0.014268 0.009328
0.013609 0.009328
0.014598 0.008669
0.014268 0.008669
0.013939 0.008669
0.013609 0.009657
0.013609 0.009986
0.013939 0.009986
0.014268 0.009986
0.013609 0.009986
0.013609 0.010316
0.013939 0.010316
0.014268 0.010316
0.013609 0.010316
0.014598 0.009657
0.014268 0.009657
0.013939 0.009657
0.013609 0.010645
0.013609 0.010974
0.013939 0.010974
0.014268 0.010974
0.013609 0.010974
0.013609 0.011304
0.013939 0.011304
0.014268 0.011304
0.013609 0.011304
0.014598 0.010645
0.014268 0.010645
0.013939 0.010645
0.013609 0.011633
0.013609 0.011963
0.013939 0.011963
0.014268 0.011963
0.013609 0.011963
0.013609 0.012292
0.013939 0.012292
0.014268 0.012292
0.013609 0.012292
0.014598 0.011633
0.014268 0.011633
0.013939 0.011633
0.013609 0.012621
0.013609 0.012951
0.013939 0.012951
0.014268 0.012951
0.013609 0.012951
0.013609 0.013280
0.013939 0.013280
0.014268 0.013280
0.013609 0.013280
0.014598 0.012621
0.014268 0.012621
0.013939 0.012621
0.013609 0.013609
0.013609 0.013939
0.013939 0.013939
0.014268 0.013939
0.013609 0.013939
0.013609 0.014268
0.013939 0.014268
0.014268 0.014268
0.013609 0.014268
0.014598 0.013609
0.014268 0.013609
0.013939 0.013609
-0.000225 0.013609
-0.000225 0.013939
0.000105 0.013939
0.000434 0.013939
-0.000225 0.013939
-0.000225 0.014268
0.000105 0.014268
0.000434 0.014268
-0.000225 0.014268
0.000764 0.013609
0.000434 0.013609
0.000105 0.013609
0.000764 0.013609
0.000764 0.013939
0.001093 0.013939
0.001422 0.013939
0.000764 0.013939
0.000764 0.014268
0.001093 0.014268
0.001422 0.014268
0.000764 0.014268
0.001752 0.013609
0.001422 0.013609
0.001093 0.013609
0.001752 0.013609
0.001752 0.013939
0.002081 0.013939
0.002410 0.013939
0.001752 0.013939
0.001752 0.014268
0.002081 0.014268
0.002410 0.014268
0.001752 0.014268
0.002740 0.013609
0.002410 0.013609
0.002081 0.013609
0.002740 0.013609
0.002740 0.013939
0.003069 0.013939
0.003399 0.013939
0.002740 0.013939
0.002740 0.014268
0.003069 0.014268
0.003399 0.014268
0.002740 0.014268
0.003728 0.013609
0.003399 0.013609
0.003069 0.013609
0.003728 0.013609
0.003728 0.013939
0.004057 0.013939
0.004387 0.013939
0.003728 0.013939
0.003728 0.014268
0.004057 0.014268
0.004387 0.014268
0.003728 0.014268
0.004716 0.013609
0.004387 0.013609
0.004057 0.013609
0.004716 0.013609
0.004716 0.013939
0.005046 0.013939
0.005375 0.013939
0.004716 0.013939
0.004716 0.014268
0.005046 0.014268
0.005375 0.014268
0.004716 0.014268
0.005704 0.013609
0.005375 0.013609
0.005046 0.013609
0.005704 0.013609
0.005704 0.013939
0.006034 0.013939
0.006363 0.013939
0.005704 0.013939
0.005704 0.014268
0.006034 0.014268
0.006363 0.014268
0.005704 0.014268
0.006692 0.013609
0.006363 0.013609
0.006034 0.013609
0.006692 0.013609
0.006692 0.013939
0.007022 0.013939
0.007351 0.013939
0.006692 0.013939
0.006692 0.014268
0.007022 0.014268
0.007351 0.014268
0.006692 0.014268
0.007681 0.013609
0.007351 0.013609
0.007022 0.013609
0.007681 0.013609
0.007681 0.013939
0.008010 0.013939
0.008339 0.013939
0.007681 0.013939
0.007681 0.014268
0.008010 0.014268
0.008339 0.014268
0.007681 0.014268
0.008669 0.013609
0.008339 0.013609
0.008010 0.013609
0.008669 0.013609
0.008669 0.013939
0.008998 0.013939
0.009328 0.013939
0.008669 0.013939
0.008669 0.014268
0.008998 0.014268
0.009328 0.014268
0.008669 0.014268
0.009657 0.013609
0.009328 0.013609
0.008998 0.013609
0.009657 0.013609
0.009657 0.013939
0.009986 0.013939
0.010316 0.013939
0.009657 0.013939
0.009657 0.014268
0.009986 0.014268
0.010316 0.014268
0.009657 0.014268
0.010645 0.013609
0.010316 0.013609
0.009986 0.013609
0.010645 0.013609
0.010645 0.013939
0.010974 0.013939
0.011304 0.013939
0.010645 0.013939
0.010645 0.014268
0.010974 0.014268
0.011304 0.014268
0.010645 0.014268
0.011633 0.013609
0.011304 0.013609
0.010974 0.013609
0.011633 0.013609
0.011633 0.013939
0.011963 0.013939
0.012292 0.013939
0.011633 0.013939
0.011633 0.014268
0.011963 0.014268
0.012292 0.014268
0.011633 0.014268
0.012621 0.013609
0.012292 0.013609
0.011963 0.013609
0.012621 0.013609
0.012621 0.013939
0.012951 0.013939
0.013280 0.013939
0.012621 0.013939
0.012621 0.014268
0.012951 0.014268
0.013280 0.014268
0.012621 0.014268
0.013609 0.013609
0.013280 0.013609
0.012951 0.013609
0.014598 -0.000225
0.014598 0.000105
0.014927 0.000105
0.015256 0.000105
0.014598 0.000105
0.014598 0.000434
0.014927 0.000434
0.015256 0.000434
0.014598 0.000434
0.015586 -0.000225
0.015256 -0.000225
0.014927 -0.000225
0.014598 0.000764
0.014598 0.001093
0.014927 0.001093
0.015256 0.001093
0.014598 0.001093
0.014598 0.001422
0.014927 0.001422
0.015256 0.001422
0.014598 0.001422
0.015586 0.000764
0.015256 0.000764
0.014927 0.000764
0.014598 0.001752
0.014598 0.002081
0.014927 0.002081
0.015256 0.002081
0.014598 0.002081
0.014598 0.002410
0.014927 0.002410
0.015256 0.002410
0.014598 0.002410
0.015586 0.001752
0.015256 0.001752
0.014927 0.001752
0.014598 0.002740
0.014598 0.003069
0.014927 0.003069
0.015256 0.003069
0.014598 0.003069
0.014598 0.003399
0.014927 0.003399
0.015256 0.003399
0.014598 0.003399
0.015586 0.002740
0.015256 0.002740
0.014927 0.002740
0.014598 0.003728
0.014598 0.004057
0.014927 0.004057
0.015256 0.004057
0.014598 0.004057
0.014598 0.004387
0.014927 0.004387
0.015256 0.004387
0.014598 0.004387
0.015586 0.003728
0.015256 0.003728
0.014927 0.003728
0.014598 0.004716
0.014598 0.005046
0.014927 0.005046
0.015256 0.005046
0.014598 0.005046
0.014598 0.005375
0.014927 0.005375
0.015256 0.005375
0.014598 0.005375
0.015586 0.004716
0.015256 0.004716
0.014927 0.004716
0.014598 0.005704
0.014598 0.006034
0.014927 0.006034
0.015256 0.006034
0.014598 0.006034
0.014598 0.006363
0.014927 0.006363
0.015256 0.006363
0.014598 0.006363
0.015586 0.005704
0.015256 0.005704
0.014927 0.005704
0.014598 0.006692
0.014598 0.007022
0.014927 0.007022
0.015256 0.007022
0.014598 0.007022
0.014598 0.007351
0.014927 0.007351
0.015256 0.007351
0.014598 0.007351
0.015586 0.006692
0.015256 0.006692
0.014927 0.006692
0.014598 0.007681
0.014598 0.008010
0.014927 0.008010
0.015256 0.008010
0.014598 0.008010
0.014598 0.008339
0.014927 0.008339
0.015256 0.008339
0.014598 0.008339
0.015586 0.007681
0.015256 0.007681
0.014927 0.007681
0.014598 0.008669
0.014598 0.008998
0.014927 0.008998
0.015256 0.008998
0.014598 0.008998
0.014598 0.009328
0.014927 0.009328
0.015256 0.009328
0.014598 0.009328
0.015586 0.008669
0.015256 0.008669
0.014927 0.008669
0.014598 0.009657
0.014598 0.009986
0.014927 0.009986
0.015256 0.009986
0.014598 0.009986
0.014598 0.010316
0.014927 0.010316
0.015256 0.010316
0.014598 0.010316
0.015586 0.009657
0.015256 0.009657
0.014927 0.009657
0.014598 0.010645
0.014598 0.010974
0.014927 0.010974
0.015256 0.010974
0.014598 0.010974
0.014598 0.011304
0.014927 0.011304
0.015256 0.011304
0.014598 0.011304
0.015586 0.010645
0.015256 0.010645
0.014927 0.010645
0.014598 0.011633
0.014598 0.011963
0.014927 0.011963
0.015256 0.011963
0.014598 0.011963
0.014598 0.012292
0.014927 0.012292
0.015256 0.012292
0.014598 0.012292
0.015586 0.011633
0.015256 0.011633
0.014927 0.011633
0.014598 0.012621
0.014598 0.012951
0.014927 0.012951
0.015256 0.012951
0.014598 0.012951
0.014598 0.013280
0.014927 0.013280
0.015256 0.013280
0.014598 0.013280
0.015586 0.012621
0.015256 0.012621
0.014927 0.012621
0.014598 0.013609
0.014598 0.013939
0.014927 0.013939
0.015256 0.013939
0.014598 0.013939
0.014598 0.014268
0.014927 0.014268
0.015256 0.014268
0.014598 0.014268
0.015586 0.013609
0.015256 0.013609
0.014927 0.013609
0.014598 0.014598
0.014598 0.014927
0.014927 0.014927
0.015256 0.014927
0.014598 0.014927
0.014598 0.015256
0.014927 0.015256
0.015256 0.015256
0.014598 0.015256
0.015586 0.014598
0.015256 0.014598
0.014927 0.014598
-0.000225 0.014598
-0.000225 0.014927
0.000105 0.014927
0.000434 0.014927
-0.000225 0.014927
-0.000225 0.015256
0.000105 0.015256
0.000434 0.015256
-0.000225 0.015256
0.000764 0.014598
0.000434 0.014598
0.000105 0.014598
0.000764 0.014598
0.000764 0.014927
0.001093 0.014927
0.001422 0.014927
0.000764 0.014927
0.000764 0.015256
0.001093 0.015256
0.001422 0.015256
0.000764 0.015256
0.001752 0.014598
0.001422 0.014598
0.001093 0.014598
0.001752 0.014598
0.001752 0.014927
0.002081 0.014927
0.002410 0.014927
0.001752 0.014927
0.001752 0.015256
0.002081 0.015256
0.002410 0.015256
0.001752 0.015256
0.002740 0.014598
0.002410 0.014598
0.002081 0.014598
0.002740 0.014598
0.002740 0.014927
0.003069 0.014927
0.003399 0.014927
0.002740 0.014927
0.002740 0.015256
0.003069 0.015256
0.003399 0.015256
0.002740 0.015256
0.003728 0.014598
0.003399 0.014598
0.003069 0.014598
0.003728 0.014598
0.003728 0.014927
0.004057 0.014927
0.004387 0.014927
0.003728 0.014927
0.003728 0.015256
0.004057 0.015256
0.004387 0.015256
0.003728 0.015256
0.004716 0.014598
0.004387 0.014598
0.004057 0.014598
0.004716 0.014598
0.004716 0.014927
0.005046 0.014927
0.005375 0.014927
0.004716 0.014927
0.004716 0.015256
0.005046 0.015256
0.005375 0.015256
0.004716 0.015256
0.005704 0.014598
0.005375 0.014598
0.005046 0.014598
0.005704 0.014598
0.005704 0.014927
0.006034 0.014927
0.006363 0.014927
0.005704 0.014927
0.005704 0.015256
0.006034 0.015256
0.006363 0.015256
0.005704 0.015256
0.006692 0.014598
0.006363 0.014598
0.006034 0.014598
0.006692 0.014598
0.006692 0.014927
0.007022 0.014927
0.007351 0.014927
0.006692 0.014927
0.006692 0.015256
0.007022 0.015256
0.007351 0.015256
0.006692 0.015256
0.007681 0.014598
0.007351 0.014598
0.007022 0.014598
0.007681 0.014598
0.007681 0.014927
0.008010 0.014927
0.008339 0.014927
0.007681 0.014927
0.007681 0.015256
0.008010 0.015256
0.008339 0.015256
0.007681 0.015256
0.008669 0.014598
0.008339 0.014598
0.008010 0.014598
0.008669 0.014598
0.008669 0.014927
0.008998 0.014927
0.009328 0.014927
0.008669 0.014927
0.008669 0.015256
0.008998 0.015256
0.009328 0.015256
0.008669 0.015256
0.009657 0.014598
0.009328 0.014598
0.008998 0.014598
0.009657 0.014598
0.009657 0.014927
0.009986 0.014927
0.010316 0.014927
0.009657 0.014927
0.009657 0.015256
0.009986 0.015256
0.010316 0.015256
0.009657 0.015256
0.010645 0.014598
0.010316 0.014598
0.009986 0.014598
0.010645 0.014598
0.010645 0.014927
0.010974 0.014927
0.011304 0.014927
0.010645 0.014927
0.010645 0.015256
0.010974 0.015256
0.011304 0.015256
0.010645 0.015256
0.011633 0.014598
0.011304 0.014598
0.010974 0.014598
0.011633 0.014598
0.011633 0.014927
0.011963 0.014927
0.012292 0.014927
0.011633 0.014927
0.011633 0.015256
0.011963 0.015256
0.012292 0.015256
0.011633 0.015256
0.012621 0.014598
0.012292 0.014598
0.011963 0.014598
0.012621 0.014598
0.012621 0.014927
0.012951 0.014927
0.013280 0.014927
0.012621 0.014927
0.012621 0.015256
0.012951 0.015256
0.013280 0.015256
0.012621 0.015256
0.013609 0.014598
0.013280 0.014598
0.012951 0.014598
0.013609 0.014598
0.013609 0.014927
0.013939 0.014927
0.014268 0.014927
0.013609 0.014927
0.013609 0.015256
0.013939 0.015256
0.014268 0.015256
0.013609 0.015256
0.014598 0.014598
0.014268 0.014598
0.013939 0.014598
0.015586 -0.000225
0.015586 0.000105
0.015915 0.000105
0.016245 0.000105
0.015586 0.000105
0.015586 0.000434
0.015915 0.000434
0.016245 0.000434
0.015586 0.000434
0.016574 -0.000225
0.016245 -0.000225
0.015915 -0.000225
0.015586 0.000764
0.015586 0.001093
0.015915 0.001093
0.016245 0.001093
0.015586 0.001093
0.015586 0.001422
0.015915 0.001422
0.016245 0.001422
0.015586 0.001422
0.016574 0.000764
0.016245 0.000764
0.015915 0.000764
0.015586 0.001752
0.015586 0.002081
0.015915 0.002081
0.016245 0.002081
0.015586 0.002081
0.015586 0.002410
0.015915 0.002410
0.016245 0.002410
0.015586 0.002410
0.016574 0.001752
0.016245 0.001752
0.015915 0.001752
0.015586 0.002740
0.015586 0.003069
0.015915 0.003069
0.016245 0.003069
0.015586 0.003069
0.015586 0.003399
0.015915 0.003399
0.016245 0.003399
0.015586 0.003399
0.016574 0.002740
0.016245 0.002740
0.015915 0.002740
0.015586 0.003728
0.015586 0.004057
0.015915 0.004057
0.016245 0.004057
0.015586 0.004057
0.015586 0.004387
0.015915 0.004387
0.016245 0.004387
0.015586 0.004387
0.016574 0.003728
0.016245 0.003728
0.015915 0.003728
0.015586 0.004716
0.015586 0.005046
0.015915 0.005046
0.016245 0.005046
0.015586 0.005046
0.015586 0.005375
0.015915 0.005375
0.016245 0.005375
0.015586 0.005375
0.016574 0.004716
0.016245 0.004716
0.015915 0.004716
0.015586 0.005704
0.015586 0.006034
0.015915 0.006034
0.016245 0.006034
0.015586 0.006034
0.015586 0.006363
0.015915 0.006363
0.016245 0.006363
0.015586 0.006363
0.016574 0.005704
0.016245 0.005704
0.015915 0.005704
0.015586 0.006692
0.015586 0.007022
0.015915 0.007022
0.016245 0.007022
0.015586 0.007022
0.015586 0.007351
0.015915 0.007351
0.016245 0.007351
0.015586 0.007351
0.016574 0.006692
0.016245 0.006692
0.015915 0.006692
0.015586 0.007681
0.015586 0.008010
0.015915 0.008010
0.016245 0.008010
0.015586 0.008010
0.015586 0.008339
0.015915 0.008339
0.016245 0.008339
0.015586 0.008339
0.016574 0.007681
0.016245 0.007681
0.015915 0.007681
0.015586 0.008669
0.015586 0.008998
0.015915 0.008998
0.016245 0.008998
0.015586 0.008998
0.015586 0.009328
0.015915 0.009328
0.016245 0.009328
0.015586 0.009328
0.016574 0.008669
0.016245 0.008669
0.015915 0.008669
0.015586 0.009657
0.015586 0.009986
0.015915 0.009986
0.016245 0.009986
0.015586 0.009986
0.015586 0.010316
0.015915 0.010316
0.016245 0.010316
0.015586 0.010316
0.016574 0.009657
0.016245 0.009657
0.015915 0.009657
0.015586 0.010645
0.015586 0.010974
0.015915 0.010974
0.016245 0.010974
0.015586 0.010974
0.015586 0.011304
0.015915 0.011304
0.016245 0.011304
0.015586 0.011304
0.016574 0.010645
0.016245 0.010645
0.015915 0.010645
0.015586 0.011633
0.015586 0.011963
0.015915 0.011963
0.016245 0.011963
0.015586 0.011963
0.015586 0.012292
0.015915 0.012292
0.016245 0.012292
0.015586 0.012292
0.016574 0.011633
0.016245 0.011633
0.015915 0.011633
0.015586 0.012621
0.015586 0.012951
0.015915 0.012951
0.016245 0.012951
0.015586 0.012951
0.015586 0.013280
0.015915 0.013280
0.016245 0.013280
0.015586 0.013280
0.016574 0.012621
0.016245 0.012621
0.015915 0.012621
0.015586 0.013609
0.015586 0.013939
0.015915 0.013939
0.016245 0.013939
0.015586 0.013939
0.015586 0.014268
0.015915 0.014268
0.016245 0.014268
0.015586 0.014268
0.016574 0.013609
0.016245 0.013609
0.015915 0.013609
0.015586 0.014598
0.015586 0.014927
0.015915 0.014927
0.016245 0.014927
0.015586 0.014927
0.015586 0.015256
0.015915 0.015256
0.016245 0.015256
0.015586 0.015256
0.016574 0.014598
0.016245 0.014598
0.015915 0.014598
0.015586 0.015586
0.015586 0.015915
0.015915 0.015915
0.016245 0.015915
0.015586 0.015915
0.015586 0.016245
0.015915 0.016245
0.016245 0.016245
0.015586 0.016245
0.016574 0.015586
0.016245 0.015586
0.015915 0.015586
-0.000225 0.015586
-0.000225 0.015915
0.000105 0.015915
0.000434 0.015915
-0.000225 0.015915
-0.000225 0.016245
0.000105 0.016245
0.000434 0.016245
-0.000225 0.016245
0.000764 0.015586
0.000434 0.015586
0.000105 0.015586
0.000764 0.015586
0.000764 0.015915
0.001093 0.015915
0.001422 0.015915
0.000764 0.015915
0.000764 0.016245
0.001093 0.016245
0.001422 0.016245
0.000764 0.016245
0.001752 0.015586
0.001422 0.015586
0.001093 0.015586
0.001752 0.015586
0.001752 0.015915
0.002081 0.015915
0.002410 0.015915
0.001752 0.015915
0.001752 0.016245
0.002081 0.016245
0.002410 0.016245
0.001752 0.016245
0.002740 0.015586
0.002410 0.015586
0.002081 0.015586
0.002740 0.015586
0.002740 0.015915
0.003069 0.015915
0.003399 0.015915
0.002740 0.015915
0.002740 0.016245
0.003069 0.016245
0.003399 0.016245
0.002740 0.016245
0.003728 0.015586
0.003399 0.015586
0.003069 0.015586
0.003728 0.015586
0.003728 0.015915
0.004057 0.015915
0.004387 0.015915
0.003728 0.015915
0.003728 0.016245
0.004057 0.016245
0.004387 0.016245
0.003728 0.016245
0.004716 0.015586
0.004387 0.015586
0.004057 0.015586
0.004716 0.015586
0.004716 0.015915
0.005046 0.015915
0.005375 0.015915
0.004716 0.015915
0.004716 0.016245
0.005046 0.016245
0.005375 0.016245
0.004716 0.016245
0.005704 0.015586
0.005375 0.015586
0.005046 0.015586
0.005704 0.015586
0.005704 0.015915
0.006034 0.015915
0.006363 0.015915
0.005704 0.015915
0.005704 0.016245
0.006034 0.016245
0.006363 0.016245
0.005704 0.016245
0.006692 0.015586
0.006363 0.015586
0.006034 0.015586
0.006692 0.015586
0.006692 0.015915
0.007022 0.015915
0.007351 0.015915
0.006692 0.015915
0.006692 0.016245
0.007022 0.016245
0.007351 0.016245
0.006692 0.016245
0.007681 0.015586
0.007351 0.015586
0.007022 0.015586
0.007681 0.015586
0.007681 0.015915
0.008010 0.015915
0.008339 0.015915
0.007681 0.015915
0.007681 0.016245
0.008010 0.016245
0.008339 0.016245
0.007681 0.016245
0.008669 0.015586
0.008339 0.015586
0.008010 0.015586
0.008669 0.015586
0.008669 0.015915
0.008998 0.015915
0.009328 0.015915
0.008669 0.015915
0.008669 0.016245
0.008998 0.016245
0.009328 0.016245
0.008669 0.016245
0.009657 0.015586
0.009328 0.015586
0.008998 0.015586
0.009657 0.015586
0.009657 0.015915
0.009986 0.015915
0.010316 0.015915
0.009657 0.015915
0.009657 0.016245
0.009986 0.016245
0.010316 0.016245
0.009657 0.016245
0.010645 0.015586
0.010316 0.015586
0.009986 0.015586
0.010645 0.015586
0.010645 0.015915
0.010974 0.015915
0.011304 0.015915
0.010645 0.015915
0.010645 0.016245
0.010974 0.016245
0.011304 0.016245
0.010645 0.016245
0.011633 0.015586
0.011304 0.015586
0.010974 0.015586
0.011633 0.015586
0.011633 0.015915
0.011963 0.015915
0.012292 0.015915
0.011633 0.015915
0.011633 0.016245
0.011963 0.016245
0.012292 0.016245
0.011633 0.016245
0.012621 0.015586
0.012292 0.015586
0.011963 0.015586
0.012621 0.015586
0.012621 0.015915
0.012951 0.015915
0.013280 0.015915
0.012621 0.015915
0.012621 0.016245
0.012951 0.016245
0.013280 0.016245
0.012621 0.016245
0.013609 0.015586
0.013280 0.015586
0.012951 0.015586
0.013609 0.015586
0.013609 0.015915
0.013939 0.015915
0.014268 0.015915
0.013609 0.015915
0.013609 0.016245
0.013939 0.016245
0.014268 0.016245
0.013609 0.016245
0.014598 0.015586
0.014268 0.015586
0.013939 0.015586
0.014598 0.015586
0.014598 0.015915
0.014927 0.015915
0.015256 0.015915
0.014598 0.015915
0.014598 0.016245
0.014927 0.016245
0.015256 0.016245
0.014598 0.016245
0.015586 0.015586
0.015256 0.015586
0.014927 0.015586
0.016574 -0.000225
0.016574 0.000105
0.016903 0.000105
0.017233 0.000105
0.016574 0.000105
0.016574 0.000434
0.016903 0.000434
0.017233 0.000434
0.016574 0.000434
0.017562 -0.000225
0.017233 -0.000225
0.016903 -0.000225
0.016574 0.000764
0.016574 0.001093
0.016903 0.001093
0.017233 0.001093
0.016574 0.001093
0.016574 0.001422
0.016903 0.001422
0.017233 0.001422
0.016574 0.001422
0.017562 0.000764
0.017233 0.000764
0.016903 0.000764
0.016574 0.001752
0.016574 0.002081
0.016903 0.002081
0.017233 0.002081
0.016574 0.002081
0.016574 0.002410
0.016903 0.002410
0.017233 0.002410
0.016574 0.002410
0.017562 0.001752
0.017233 0.001752
0.016903 0.001752
0.016574 0.002740
0.016574 0.003069
0.016903 0.003069
0.017233 0.003069
0.016574 0.003069
0.016574 0.003399
0.016903 0.003399
0.017233 0.003399
0.016574 0.003399
0.017562 0.002740
0.017233 0.002740
0.016903 0.002740
0.016574 0.003728
0.016574 0.004057
0.016903 0.004057
0.017233 0.004057
0.016574 0.004057
0.016574 0.004387
0.016903 0.004387
0.017233 0.004387
0.016574 0.004387
0.017562 0.003728
0.017233 0.003728
0.016903 0.003728
0.016574 0.004716
0.016574 0.005046
0.016903 0.005046
0.017233 0.005046
0.016574 0.005046
0.016574 0.005375
0.016903 0.005375
0.017233 0.005375
0.016574 0.005375
0.017562 0.004716
0.017233 0.004716
0.016903 0.004716
0.016574 0.005704
0.016574 0.006034
0.016903 0.006034
0.017233 0.006034
0.016574 0.006034
0.016574 0.006363
0.016903 0.006363
0.017233 0.006363
0.016574 0.006363
0.017562 0.005704
0.017233 0.005704
0.016903 0.005704
0.016574 0.006692
0.016574 0.007022
0.016903 0.007022
0.017233 0.007022
0.016574 0.007022
0.016574 0.007351
0.016903 0.007351
0.017233 0.007351
0.016574 0.007351
0.017562 0.006692
0.017233 0.006692
0.016903 0.006692
0.016574 0.007681
0.016574 0.008010
0.016903 0.008010
0.017233 0.008010
0.016574 0.008010
0.016574 0.008339
0.016903 0.008339
0.017233 0.008339
0.016574 0.008339
0.017562 0.007681
0.017233 0.007681
0.016903 0.007681
0.016574 0.008669
0.016574 0.008998
0.016903 0.008998
0.017233 0.008998
0.016574 0.008998
0.016574 0.009328
0.016903 0.009328
0.017233 0.009328
0.016574 0.009328
0.017562 0.008669
0.017233 0.008669
0.016903 0.008669
0.016574 0.009657
0.016574 0.009986
0.016903 0.009986
0.017233 0.009986
0.016574 0.009986
0.016574 0.010316
0.016903 0.010316
0.017233 0.010316
0.016574 0.010316
0.017562 0.009657
0.017233 0.009657
0.016903 0.009657
0.016574 0.010645
0.016574 0.010974
0.016903 0.010974
0.017233 0.010974
0.016574 0.010974
0.016574 0.011304
0.016903 0.011304
0.017233 0.011304
0.016574 0.011304
0.017562 0.010645
0.017233 0.010645
0.016903 0.010645
0.016574 0.011633
0.016574 0.011963
0.016903 0.011963
0.017233 0.011963
0.016574 0.011963
0.016574 0.012292
0.016903 0.012292
0.017233 0.012292
0.016574 0.012292
0.017562 0.011633
0.017233 0.011633
0.016903 0.011633
0.016574 0.012621
0.016574 0.012951
0.016903 0.012951
0.017233 0.012951
0.016574 0.012951
0.016574 0.013280
0.016903 0.013280
0.017233 0.013280
0.016574 0.013280
0.017562 0.012621
0.017233 0.012621
0.016903 0.012621
0.016574 0.013609
0.016574 0.013939
0.016903 0.013939
0.017233 0.013939
0.016574 0.013939
0.016574 0.014268
0.016903 0.014268
0.017233 0.014268
0.016574 0.014268
0.017562 0.013609
0.017233 0.013609
0.016903 0.013609
0.016574 0.014598
0.016574 0.014927
0.016903 0.014927
0.017233 0.014927
0.016574 0.014927
0.016574 0.015256
0.016903 0.015256
0.017233 0.015256
0.016574 0.015256
0.017562 0.014598
0.017233 0.014598
0.016903 0.014598
0.016574 0.015586
0.016574 0.015915
0.016903 0.015915
0.017233 0.015915
0.016574 0.015915
0.016574 0.016245
0.016903 0.016245
0.017233 0.016245
0.016574 0.016245
0.017562 0.015586
0.017233 0.015586
0.016903 0.015586
0.016574 0.016574
0.016574 0.016903
0.016903 0.016903
0.017233 0.016903
0.016574 0.016903
0.016574 0.017233
0.016903 0.017233
0.017233 0.017233
0.016574 0.017233
0.017562 0.016574
0.017233 0.016574
0.016903 0.016574
-0.000225 0.016574
-0.000225 0.016903
0.000105 0.016903
0.000434 0.016903
-0.000225 0.016903
-0.000225 0.017233
0.000105 0.017233
0.000434 0.017233
-0.000225 0.017233
0.000764 0.016574
0.000434 0.016574
0.000105 0.016574
0.000764 0.016574
0.000764 0.016903
0.001093 0.016903
0.001422 0.016903
0.000764 0.016903
0.000764 0.017233
0.001093 0.017233
0.001422 0.017233
0.000764 0.017233
0.001752 0.016574
0.001422 0.016574
0.001093 0.016574
0.001752 0.016574
0.001752 0.016903
0.002081 0.016903
0.002410 0.016903
0.001752 0.016903
0.001752 0.017233
0.002081 0.017233
0.002410 0.017233
0.001752 0.017233
0.002740 0.016574
0.002410 0.016574
0.002081 0.016574
0.002740 0.016574
0.002740 0.016903
0.003069 0.016903
0.003399 0.016903
0.002740 0.016903
0.002740 0.017233
0.003069 0.017233
0.003399 0.017233
0.002740 0.017233
0.003728 0.016574
0.003399 0.016574
0.003069 0.016574
0.003728 0.016574
0.003728 0.016903
0.004057 0.016903
0.004387 0.016903
0.003728 0.016903
0.003728 0.017233
0.004057 0.017233
0.004387 0.017233
0.003728 0.017233
0.004716 0.016574
0.004387 0.016574
0.004057 0.016574
0.004716 0.016574
0.004716 0.016903
0.005046 0.016903
0.005375 0.016903
0.004716 0.016903
0.004716 0.017233
0.005046 0.017233
0.005375 0.017233
0.004716 0.017233
0.005704 0.016574
0.005375 0.016574
0.005046 0.016574
0.005704 0.016574
0.005704 0.016903
0.006034 0.016903
0.006363 0.016903
0.005704 0.016903
0.005704 0.017233
0.006034 0.017233
0.006363 0.017233
0.005704 0.017233
0.006692 0.016574
0.006363 0.016574
0.006034 0.016574
0.006692 0.016574
0.006692 0.016903
0.007022 0.016903
0.007351 0.016903
0.006692 0.016903
0.006692 0.017233
0.007022 0.017233
0.007351 0.017233
0.006692 0.017233
0.007681 0.016574
0.007351 0.016574
0.007022 0.016574
0.007681 0.016574
0.007681 0.016903
0.008010 0.016903
0.008339 0.016903
0.007681 0.016903
0.007681 0.017233
0.008010 0.017233
0.008339 0.017233
0.007681 0.017233
0.008669 0.016574
0.008339 0.016574
0.008010 0.016574
0.008669 0.016574
0.008669 0.016903
0.008998 0.016903
0.009328 0.016903
0.008669 0.016903
0.008669 0.017233
0.008998 0.017233
0.009328 0.017233
0.008669 0.017233
0.009657 0.016574
0.009328 0.016574
0.008998 0.016574
0.009657 0.016574
0.009657 0.016903
0.009986 0.016903
0.010316 0.016903
0.009657 0.016903
0.009657 0.017233
0.009986 0.017233
0.010316 0.017233
0.009657 0.017233
0.010645 0.016574
0.010316 0.016574
0.009986 0.016574
0.010645 0.016574
0.010645 0.016903
0.010974 0.016903
0.011304 0.016903
0.010645 0.016903
0.010645 0.017233
0.010974 0.017233
0.011304 0.017233
0.010645 0.017233
0.011633 0.016574
0.011304 0.016574
0.010974 0.016574
0.011633 0.016574
0.011633 0.016903
0.011963 0.016903
0.012292 0.016903
0.011633 0.016903
0.011633 0.017233
0.011963 0.017233
0.012292 0.017233
0.011633 0.017233
0.012621 0.016574
0.012292 0.016574
0.011963 0.016574
0.012621 0.016574
0.012621 0.016903
0.012951 0.016903
0.013280 0.016903
0.012621 0.016903
0.012621 0.017233
0.012951 0.017233
0.013280 0.017233
0.012621 0.017233
0.013609 0.016574
0.013280 0.016574
0.012951 0.016574
0.013609 0.016574
0.013609 0.016903
0.013939 0.016903
0.014268 0.016903
0.013609 0.016903
0.013609 0.017233
0.013939 0.017233
0.014268 0.017233
0.013609 0.017233
0.014598 0.016574
0.014268 0.016574
0.013939 0.016574
0.014598 0.016574
0.014598 0.016903
0.014927 0.016903
0.015256 0.016903
0.014598 0.016903
0.014598 0.017233
0.014927 0.017233
0.015256 0.017233
0.014598 0.017233
0.015586 0.016574
0.015256 0.016574
0.014927 0.016574
0.015586 0.016574
0.015586 0.016903
0.015915 0.016903
0.016245 0.016903
0.015586 0.016903
0.015586 0.017233
0.015915 0.017233
0.016245 0.017233
0.015586 0.017233
0.016574 0.016574
0.016245 0.016574
0.015915 0.016574
0.017562 -0.000225
0.017562 0.000105
0.017891 0.000105
0.018221 0.000105
0.017562 0.000105
0.017562 0.000434
0.017891 0.000434
0.018221 0.000434
0.017562 0.000434
0.018550 -0.000225
0.018221 -0.000225
0.017891 -0.000225
0.017562 0.000764
0.017562 0.001093
0.017891 0.001093
0.018221 0.001093
0.017562 0.001093
0.017562 0.001422
0.017891 0.001422
0.018221 0.001422
0.017562 0.001422
0.018550 0.000764
0.018221 0.000764
0.017891 0.000764
0.017562 0.001752
0.017562 0.002081
0.017891 0.002081
0.018221 0.002081
0.017562 0.002081
0.017562 0.002410
0.017891 0.002410
0.018221 0.002410
0.017562 0.002410
0.018550 0.001752
0.018221 0.001752
0.017891 0.001752
0.017562 0.002740
0.017562 0.003069
0.017891 0.003069
0.018221 0.003069
0.017562 0.003069
0.017562 0.003399
0.017891 0.003399
0.018221 0.003399
0.017562 0.003399
0.018550 0.002740
0.018221 0.002740
0.017891 0.002740
0.017562 0.003728
0.017562 0.004057
0.017891 0.004057
0.018221 0.004057
0.017562 0.004057
0.017562 0.004387
0.017891 0.004387
0.018221 0.004387
0.017562 0.004387
0.018550 0.003728
0.018221 0.003728
0.017891 0.003728
0.017562 0.004716
0.017562 0.005046
0.017891 0.005046
0.018221 0.005046
0.017562 0.005046
0.017562 0.005375
0.017891 0.005375
0.018221 0.005375
0.017562 0.005375
0.018550 0.004716
0.018221 0.004716
0.017891 0.004716
0.017562 0.005704
0.017562 0.006034
0.017891 0.006034
0.018221 0.006034
0.017562 0.006034
0.017562 0.006363
0.017891 0.006363
0.018221 0.006363
0.017562 0.006363
0.018550 0.005704
0.018221 0.005704
0.017891 0.005704
0.017562 0.006692
0.017562 0.007022
0.017891 0.007022
0.018221 0.007022
0.017562 0.007022
0.017562 0.007351
0.017891 0.007351
0.018221 0.007351
0.017562 0.007351
0.018550 0.006692
0.018221 0.006692
0.017891 0.006692
0.017562 0.007681
0.017562 0.008010
0.017891 0.008010
0.018221 0.008010
0.017562 0.008010
0.017562 0.008339
0.017891 0.008339
0.018221 0.008339
0.017562 0.008339
0.018550 0.007681
0.018221 0.007681
0.017891 0.007681
0.017562 0.008669
0.017562 0.008998
0.017891 0.008998
0.018221 0.008998
0.017562 0.008998
0.017562 0.009328
0.017891 0.009328
0.018221 0.009328
0.017562 0.009328
0.018550 0.008669
0.018221 0.008669
0.017891 0.008669
0.017562 0.009657
0.017562 0.009986
0.017891 0.009986
0.018221 0.009986
0.017562 0.009986
0.017562 0.010316
0.017891 0.010316
0.018221 0.010316
0.017562 0.010316
0.018550 0.009657
0.018221 0.009657
0.017891 0.009657
0.017562 0.010645
0.017562 0.010974
0.017891 0.010974
0.018221 0.010974
0.017562 0.010974
0.017562 0.011304
0.017891 0.011304
0.018221 0.011304
0.017562 0.011304
0.018550 0.010645
0.018221 0.010645
0.017891 0.010645
0.017562 0.011633
0.017562 0.011963
0.017891 0.011963
0.018221 0.011963
0.017562 0.011963
0.017562 0.012292
0.017891 0.012292
0.018221 0.012292
0.017562 0.012292
0.018550 0.011633
0.018221 0.011633
0.017891 0.011633
0.017562 0.012621
0.017562 0.012951
0.017891 0.012951
0.018221 0.012951
0.017562 0.012951
0.017562 0.013280
0.017891 0.013280
0.018221 0.013280
0.017562 0.013280
0.018550 0.012621
0.018221 0.012621
0.017891 0.012621
0.017562 0.013609
0.017562 0.013939
0.017891 0.013939
0.018221 0.013939
0.017562 0.013939
0.017562 0.014268
0.017891 0.014268
0.018221 0.014268
0.017562 0.014268
0.018550 0.013609
0.018221 0.013609
0.017891 0.013609
0.017562 0.014598
0.017562 0.014927
0.017891 0.014927
0.018221 0.014927
0.017562 0.014927
0.017562 0.015256
0.017891 0.015256
0.018221 0.015256
0.017562 0.015256
0.018550 0.014598
0.018221 0.014598
0.017891 0.014598
0.017562 0.015586
0.017562 0.015915
0.017891 0.015915
0.018221 0.015915
0.017562 0.015915
0.017562 0.016245
0.017891 0.016245
0.018221 0.016245
0.017562 0.016245
0.018550 0.015586
0.018221 0.015586
0.017891 0.015586
0.017562 0.016574
0.017562 0.016903
0.017891 0.016903
0.018221 0.016903
0.017562 0.016903
0.017562 0.017233
0.017891 0.017233
0.018221 0.017233
0.017562 0.017233
0.018550 0.016574
0.018221 0.016574
0.017891 0.016574
0.017562 0.017562
0.017562 0.017891
0.017891 0.017891
0.018221 0.017891
0.017562 0.017891
0.017562 0.018221
0.017891 0.018221
0.018221 0.018221
0.017562 0.018221
0.018550 0.017562
0.018221 0.017562
0.017891 0.017562
-0.000225 0.017562
-0.000225 0.017891
0.000105 0.017891
0.000434 0.017891
-0.000225 0.017891
-0.000225 0.018221
0.000105 0.018221
0.000434 0.018221
-0.000225 0.018221
0.000764 0.017562
0.000434 0.017562
0.000105 0.017562
0.000764 0.017562
0.000764 0.017891
0.001093 0.017891
0.001422 0.017891
0.000764 0.017891
0.000764 0.018221
0.001093 0.018221
0.001422 0.018221
0.000764 0.018221
0.001752 0.017562
0.001422 0.017562
0.001093 0.017562
0.001752 0.017562
0.001752 0.017891
0.002081 0.017891
0.002410 0.017891
0.001752 0.017891
0.001752 0.018221
0.002081 0.018221
0.002410 0.018221
0.001752 0.018221
0.002740 0.017562
0.002410 0.017562
0.002081 0.017562
0.002740 0.017562
0.002740 0.017891
0.003069 0.017891
0.003399 0.017891
0.002740 0.017891
0.002740 0.018221
0.003069 0.018221
0.003399 0.018221
0.002740 0.018221
0.003728 0.017562
0.003399 0.017562
0.003069 0.017562
0.003728 0.017562
0.003728 0.017891
0.004057 0.017891
0.004387 0.017891
0.003728 0.017891
0.003728 0.018221
0.004057 0.018221
0.004387 0.018221
0.003728 0.018221
0.004716 0.017562
0.004387 0.017562
0.004057 0.017562
0.004716 0.017562
0.004716 0.017891
0.005046 0.017891
0.005375 0.017891
0.004716 0.017891
0.004716 0.018221
0.005046 0.018221
0.005375 0.018221
0.004716 0.018221
0.005704 0.017562
0.005375 0.017562
0.005046 0.017562
0.005704 0.017562
0.005704 0.017891
0.006034 0.017891
0.006363 0.017891
0.005704 0.017891
0.005704 0.018221
0.006034 0.018221
0.006363 0.018221
0.005704 0.018221
0.006692 0.017562
0.006363 0.017562
0.006034 0.017562
0.006692 0.017562
0.006692 0.017891
0.007022 0.017891
0.007351 0.017891
0.006692 0.017891
0.006692 0.018221
0.007022 0.018221
0.007351 0.018221
0.006692 0.018221
0.007681 0.017562
0.007351 0.017562
0.007022 0.017562
0.007681 0.017562
0.007681 0.017891
0.008010 0.017891
0.008339 0.017891
0.007681 0.017891
0.007681 0.018221
0.008010 0.018221
0.008339 0.018221
0.007681 0.018221
0.008669 0.017562
0.008339 0.017562
0.008010 0.017562
0.008669 0.017562
0.008669 0.017891
0.008998 0.017891
0.009328 0.017891
0.008669 0.017891
0.008669 0.018221
0.008998 0.018221
0.009328 0.018221
0.008669 0.018221
0.009657 0.017562
0.009328 0.017562
0.008998 0.017562
0.009657 0.017562
0.009657 0.017891
0.009986 0.017891
0.010316 0.017891
0.009657 0.017891
0.009657 0.018221
0.009986 0.018221
0.010316 0.018221
0.009657 0.018221
0.010645 0.017562
0.010316 0.017562
0.009986 0.017562
0.010645 0.017562
0.010645 0.017891
0.010974 0.017891
0.011304 0.017891
0.010645 0.017891
0.010645 0.018221
0.010974 0.018221
0.011304 0.018221
0.010645 0.018221
0.011633 0.017562
0.011304 0.017562
0.010974 0.017562
0.011633 0.017562
0.011633 0.017891
0.011963 0.017891
0.012292 0.017891
0.011633 0.017891
0.011633 0.018221
0.011963 0.018221
0.012292 0.018221
0.011633 0.018221
0.012621 0.017562
0.012292 0.017562
0.011963 0.017562
0.012621 0.017562
0.012621 0.017891
0.012951 0.017891
0.013280 0.017891
0.012621 0.017891
0.012621 0.018221
0.012951 0.018221
0.013280 0.018221
0.012621 0.018221
0.013609 0.017562
0.013280 0.017562
0.012951 0.017562
0.013609 0.017562
0.013609 0.017891
0.013939 0.017891
0.014268 0.017891
0.013609 0.017891
0.013609 0.018221
0.013939 0.018221
0.014268 0.018221
0.013609 0.018221
0.014598 0.017562
0.014268 0.017562
0.013939 0.017562
0.014598 0.017562
0.014598 0.017891
0.014927 0.017891
0.015256 0.017891
0.014598 0.017891
0.014598 0.018221
0.014927 0.018221
0.015256 0.018221
0.014598 0.018221
0.015586 0.017562
0.015256 0.017562
0.014927 0.017562
0.015586 0.017562
0.015586 0.017891
0.015915 0.017891
0.016245 0.017891
0.015586 0.017891
0.015586 0.018221
0.015915 0.018221
0.016245 0.018221
0.015586 0.018221
0.016574 0.017562
0.016245 0.017562
0.015915 0.017562
0.016574 0.017562
0.016574 0.017891
0.016903 0.017891
0.017233 0.017891
0.016574 0.017891
0.016574 0.018221
0.016903 0.018221
0.017233 0.018221
0.016574 0.018221
0.017562 0.017562
0.017233 0.017562
0.016903 0.017562
0.018550 -0.000225
0.018550 0.000105
0.018880 0.000105
0.019209 0.000105
0.018550 0.000105
0.018550 0.000434
0.018880 0.000434
0.019209 0.000434
0.018550 0.000434
0.019538 0.000764
0.019538 0.000434
0.019538 0.000105
0.019538 -0.000225
0.019209 -0.000225
0.018880 -0.000225
0.018550 0.000764
0.018550 0.001093
0.018880 0.001093
0.019209 0.001093
0.018550 0.001093
0.018550 0.001422
0.018880 0.001422
0.019209 0.001422
0.018550 0.001422
0.019538 0.001752
0.019538 0.001422
0.019538 0.001093
0.019538 0.000764
0.019209 0.000764
0.018880 0.000764
0.018550 0.001752
0.018550 0.002081
0.018880 0.002081
0.019209 0.002081
0.018550 0.002081
0.018550 0.002410
0.018880 0.002410
0.019209 0.002410
0.018550 0.002410
0.019538 0.002740
0.019538 0.002410
0.019538 0.002081
0.019538 0.001752
0.019209 0.001752
0.018880 0.001752
0.018550 0.002740
0.018550 0.003069
0.018880 0.003069
0.019209 0.003069
0.018550 0.003069
0.018550 0.003399
0.018880 0.003399
0.019209 0.003399
0.018550 0.003399
0.019538 0.003728
0.019538 0.003399
0.019538 0.003069
0.019538 0.002740
0.019209 0.002740
0.018880 0.002740
0.018550 0.003728
0.018550 0.004057
0.018880 0.004057
0.019209 0.004057
0.018550 0.004057
0.018550 0.004387
0.018880 0.004387
0.019209 0.004387
0.018550 0.004387
0.019538 0.004716
0.019538 0.004387
0.019538 0.004057
0.019538 0.003728
0.019209 0.003728
0.018880 0.003728
0.018550 0.004716
0.018550 0.005046
0.018880 0.005046
0.019209 0.005046
0.018550 0.005046
0.018550 0.005375
0.018880 0.005375
0.019209 0.005375
0.018550 0.005375
0.019538 0.005704
0.019538 0.005375
0.019538 0.005046
0.019538 0.004716
0.019209 0.004716
0.018880 0.004716
0.018550 0.005704
0.018550 0.006034
0.018880 0.006034
0.019209 0.006034
0.018550 0.006034
0.018550 0.006363
0.018880 0.006363
0.019209 0.006363
0.018550 0.006363
0.019538 0.006692
0.019538 0.006363
0.019538 0.006034
0.019538 0.005704
0.019209 0.005704
0.018880 0.005704
0.018550 0.006692
0.018550 0.007022
0.018880 0.007022
0.019209 0.007022
0.018550 0.007022
0.018550 0.007351
0.018880 0.007351
0.019209 0.007351
0.018550 0.007351
0.019538 0.007681
0.019538 0.007351
0.019538 0.007022
0.019538 0.006692
0.019209 0.006692
0.018880 0.006692
0.018550 0.007681
0.018550 0.008010
0.018880 0.008010
0.019209 0.008010
0.018550 0.008010
0.018550 0.008339
0.018880 0.008339
0.019209 0.008339
0.018550 0.008339
0.019538 0.008669
0.019538 0.008339
0.019538 0.008010
0.019538 0.007681
0.019209 0.007681
0.018880 0.007681
0.018550 0.008669
0.018550 0.008998
0.018880 0.008998
0.019209 0.008998
0.018550 0.008998
0.018550 0.009328
0.018880 0.009328
0.019209 0.009328
0.018550 0.009328
0.019538 0.009657
0.019538 0.009328
0.019538 0.008998
0.019538 0.008669
0.019209 0.008669
0.018880 0.008669
0.018550 0.009657
0.018550 0.009986
0.018880 0.009986
0.019209 0.009986
0.018550 0.009986
0.018550 0.010316
0.018880 0.010316
0.019209 0.010316
0.018550 0.010316
0.019538 0.010645
0.019538 0.010316
0.019538 0.009986
0.019538 0.009657
0.019209 0.009657
0.018880 0.009657
0.018550 0.010645
0.018550 0.010974
0.018880 0.010974
0.019209 0.010974
0.018550 0.010974
0.018550 0.011304
0.018880 0.011304
0.019209 0.011304
0.018550 0.011304
0.019538 0.011633
0.019538 0.011304
0.019538 0.010974
0.019538 0.010645
0.019209 0.010645
0.018880 0.010645
0.018550 0.011633
0.018550 0.011963
0.018880 0.011963
0.019209 0.011963
0.018550 0.011963
0.018550 0.012292
0.018880 0.012292
0.019209 0.012292
0.018550 0.012292
0.019538 0.012621
0.019538 0.012292
0.019538 0.011963
0.019538 0.011633
0.019209 0.011633
0.018880 0.011633
0.018550 0.012621
0.018550 0.012951
0.018880 0.012951
0.019209 0.012951
0.018550 0.012951
0.018550 0.013280
0.018880 0.013280
0.019209 0.013280
0.018550 0.013280
0.019538 0.013609
0.019538 0.013280
0.019538 0.012951
0.019538 0.012621
0.019209 0.012621
0.018880 0.012621
0.018550 0.013609
0.018550 0.013939
0.018880 0.013939
0.019209 0.013939
0.018550 0.013939
0.018550 0.014268
0.018880 0.014268
0.019209 0.014268
0.018550 0.014268
0.019538 0.014598
0.019538 0.014268
0.019538 0.013939
0.019538 0.013609
0.019209 0.013609
0.018880 0.013609
0.018550 0.014598
0.018550 0.014927
0.018880 0.014927
0.019209 0.014927
0.018550 0.014927
0.018550 0.015256
0.018880 0.015256
0.019209 0.015256
0.018550 0.015256
0.019538 0.015586
0.019538 0.015256
0.019538 0.014927
0.019538 0.014598
0.019209 0.014598
0.018880 0.014598
0.018550 0.015586
0.018550 0.015915
0.018880 0.015915
0.019209 0.015915
0.018550 0.015915
0.018550 0.016245
0.018880 0.016245
0.019209 0.016245
0.018550 0.016245
0.019538 0.016574
0.019538 0.016245
0.019538 0.015915
0.019538 0.015586
0.019209 0.015586
0.018880 0.015586
0.018550 0.016574
0.018550 0.016903
0.018880 0.016903
0.019209 0.016903
0.018550 0.016903
0.018550 0.017233
0.018880 0.017233
0.019209 0.017233
0.018550 0.017233
0.019538 0.017562
0.019538 0.017233
0.019538 0.016903
0.019538 0.016574
0.019209 0.016574
0.018880 0.016574
0.018550 0.017562
0.018550 0.017891
0.018880 0.017891
0.019209 0.017891
0.018550 0.017891
0.018550 0.018221
0.018880 0.018221
0.019209 0.018221
0.018550 0.018221
0.019538 0.018550
0.019538 0.018221
0.019538 0.017891
0.019538 0.017562
0.019209 0.017562
0.018880 0.017562
0.018550 0.018550
0.018550 0.018880
0.018880 0.018880
0.019209 0.018880
0.018550 0.018880
0.018550 0.019209
0.018880 0.019209
0.019209 0.019209
0.018550 0.019209
0.018550 0.019538
0.018880 0.019538
0.019209 0.019538
0.019538 0.019538
0.019538 0.019209
0.019538 0.018880
0.019538 0.018550
0.019209 0.018550
0.018880 0.018550
-0.000225 0.018550
-0.000225 0.018880
0.000105 0.018880
0.000434 0.018880
-0.000225 0.018880
-0.000225 0.019209
0.000105 0.019209
0.000434 0.019209
-0.000225 0.019209
-0.000225 0.019538
0.000105 0.019538
0.000434 0.019538
0.000764 0.018550
0.000434 0.018550
0.000105 0.018550
0.000764 0.018550
0.000764 0.018880
0.001093 0.018880
0.001422 0.018880
0.000764 0.018880
0.000764 0.019209
0.001093 0.019209
0.001422 0.019209
0.000764 0.019209
0.000764 0.019538
0.001093 0.019538
0.001422 0.019538
0.001752 0.018550
0.001422 0.018550
0.001093 0.018550
0.001752 0.018550
0.001752 0.018880
0.002081 0.018880
0.002410 0.018880
0.001752 0.018880
0.001752 0.019209
0.002081 0.019209
0.002410 0.019209
0.001752 0.019209
0.001752 0.019538
0.002081 0.019538
0.002410 0.019538
0.002740 0.018550
0.002410 0.018550
0.002081 0.018550
0.002740 0.018550
0.002740 0.018880
0.003069 0.018880
0.003399 0.018880
0.002740 0.018880
0.002740 0.019209
0.003069 0.019209
0.003399 0.019209
0.002740 0.019209
0.002740 0.019538
0.003069 0.019538
0.003399 0.019538
0.003728 0.018550
0.003399 0.018550
0.003069 0.018550
0.003728 0.018550
0.003728 0.018880
0.004057 0.018880
0.004387 0.018880
0.003728 0.018880
0.003728 0.019209
0.004057 0.019209
0.004387 0.019209
0.003728 0.019209
0.003728 0.019538
0.004057 0.019538
0.004387 0.019538
0.004716 0.018550
0.004387 0.018550
0.004057 0.018550
0.004716 0.018550
0.004716 0.018880
0.005046 0.018880
0.005375 0.018880
0.004716 0.018880
0.004716 0.019209
0.005046 0.019209
0.005375 0.019209
0.004716 0.019209
0.004716 0.019538
0.005046 0.019538
0.005375 0.019538
0.005704 0.018550
0.005375 0.018550
0.005046 0.018550
0.005704 0.018550
0.005704 0.018880
0.006034 0.018880
0.006363 0.018880
0.005704 0.018880
0.005704 0.019209
0.006034 0.019209
0.006363 0.019209
0.005704 0.019209
0.005704 0.019538
0.006034 0.019538
0.006363 0.019538
0.006692 0.018550
0.006363 0.018550
0.006034 0.018550
0.006692 0.018550
0.006692 0.018880
0.007022 0.018880
0.007351 0.018880
0.006692 0.018880
0.006692 0.019209
0.007022 0.019209
0.007351 0.019209
0.006692 0.019209
0.006692 0.019538
0.007022 0.019538
0.007351 0.019538
0.007681 0.018550
0.007351 0.018550
0.007022 0.018550
0.007681 0.018550
0.007681 0.018880
0.008010 0.018880
0.008339 0.018880
0.007681 0.018880
0.007681 0.019209
0.008010 0.019209
0.008339 0.019209
0.007681 0.019209
0.007681 0.019538
0.008010 0.019538
0.008339 0.019538
0.008669 0.018550
0.008339 0.018550
0.008010 0.018550
0.008669 0.018550
0.008669 0.018880
0.008998 0.018880
0.009328 0.018880
0.008669 0.018880
0.008669 0.019209
0.008998 0.019209
0.009328 0.019209
0.008669 0.019209
0.008669 0.019538
0.008998 0.019538
0.009328 0.019538
0.009657 0.018550
0.009328 0.018550
0.008998 0.018550
0.009657 0.018550
0.009657 0.018880
0.009986 0.018880
0.010316 0.018880
0.009657 0.018880
0.009657 0.019209
0.009986 0.019209
0.010316 0.019209
0.009657 0.019209
0.009657 0.019538
0.009986 0.019538
0.010316 0.019538
0.010645 0.018550
0.010316 0.018550
0.009986 0.018550
0.010645 0.018550
0.010645 0.018880
0.010974 0.018880
0.011304 0.018880
0.010645 0.018880
0.010645 0.019209
0.010974 0.019209
0.011304 0.019209
0.010645 0.019209
0.010645 0.019538
0.010974 0.019538
0.011304 0.019538
0.011633 0.018550
0.011304 0.018550
0.010974 0.018550
0.011633 0.018550
0.011633 0.018880
0.011963 0.018880
0.012292 0.018880
0.011633 0.018880
0.011633 0.019209
0.011963 0.019209
0.012292 0.019209
0.011633 0.019209
0.011633 0.019538
0.011963 0.019538
0.012292 0.019538
0.012621 0.018550
0.012292 0.018550
0.011963 0.018550
0.012621 0.018550
0.012621 0.018880
0.012951 0.018880
0.013280 0.018880
0.012621 0.018880
0.012621 0.019209
0.012951 0.019209
0.013280 0.019209
0.012621 0.019209
0.012621 0.019538
0.012951 0.019538
0.013280 0.019538
0.013609 0.018550
0.013280 0.018550
0.012951 0.018550
0.013609 0.018550
0.013609 0.018880
0.013939 0.018880
0.014268 0.018880
0.013609 0.018880
0.013609 0.019209
0.013939 0.019209
0.014268 0.019209
0.013609 0.019209
0.013609 0.019538
0.013939 0.019538
0.014268 0.019538
0.014598 0.018550
0.014268 0.018550
0.013939 0.018550
0.014598 0.018550
0.014598 0.018880
0.014927 0.018880
0.015256 0.018880
0.014598 0.018880
0.014598 0.019209
0.014927 0.019209
0.015256 0.019209
0.014598 0.019209
0.014598 0.019538
0.014927 0.019538
0.015256 0.019538
0.015586 0.018550
0.015256 0.018550
0.014927 0.018550
0.015586 0.018550
0.015586 0.018880
0.015915 0.018880
0.016245 0.018880
0.015586 0.018880
0.015586 0.019209
0.015915 0.019209
0.016245 0.019209
0.015586 0.019209
0.015586 0.019538
0.015915 0.019538
0.016245 0.019538
0.016574 0.018550
0.016245 0.018550
0.015915 0.018550
0.016574 0.018550
0.016574 0.018880
0.016903 0.018880
0.017233 0.018880
0.016574 0.018880
0.016574 0.019209
0.016903 0.019209
0.017233 0.019209
0.016574 0.019209
0.016574 0.019538
0.016903 0.019538
0.017233 0.019538
0.017562 0.018550
0.017233 0.018550
0.016903 0.018550
0.017562 0.018550
0.017562 0.018880
0.017891 0.018880
0.018221 0.018880
0.017562 0.018880
0.017562 0.019209
0.017891 0.019209
0.018221 0.019209
0.017562 0.019209
0.017562 0.019538
0.017891 0.019538
0.018221 0.019538
0.018550 0.018550
0.018221 0.018550
0.017891 0.018550
