0.000000 0.000000
0.000000 0.000449
0.000000 0.000898
0.000449 0.000000
0.000449 0.000898
0.000898 0.000000
0.000898 0.000449
0.000898 0.000898
0.000925 0.000000
0.000925 0.000449
0.000925 0.000898
0.001374 0.000000
0.001374 0.000898
0.001824 0.000000
0.001824 0.000449
0.001824 0.000898
0.000925 0.000898
0.000925 0.001347
0.000925 0.001797
0.001374 0.000898
0.001374 0.001797
0.001824 0.000898
0.001824 0.001347
0.001824 0.001797
0.000925 0.000898
0.000925 0.001347
0.000925 0.001797
0.001374 0.000898
0.001374 0.001797
0.001824 0.000898
0.001824 0.001347
0.001824 0.001797
0.001851 0.000000
0.001851 0.000449
0.001851 0.000898
0.002300 0.000000
0.002300 0.000898
0.002749 0.000000
0.002749 0.000449
0.002749 0.000898
0.001851 0.000898
0.001851 0.001347
0.001851 0.001797
0.002300 0.000898
0.002300 0.001797
0.002749 0.000898
0.002749 0.001347
0.002749 0.001797
0.001851 0.001797
0.001851 0.002246
0.001851 0.002695
0.002300 0.001797
0.002300 0.002695
0.002749 0.001797
0.002749 0.002246
0.002749 0.002695
0.001851 0.001797
0.001851 0.002246
0.001851 0.002695
0.002300 0.001797
0.002300 0.002695
0.002749 0.001797
0.002749 0.002246
0.002749 0.002695
0.002776 0.001797
0.002776 0.002246
0.002776 0.002695
0.003225 0.001797
0.003225 0.002695
0.003674 0.001797
0.003674 0.002246
0.003674 0.002695
0.002776 0.000000
0.002776 0.000449
0.002776 0.000898
0.003225 0.000000
0.003225 0.000898
0.003674 0.000000
0.003674 0.000449
0.003674 0.000898
0.002776 0.000898
0.002776 0.001347
0.002776 0.001797
0.003225 0.000898
0.003225 0.001797
0.003674 0.000898
0.003674 0.001347
0.003674 0.001797
0.002776 0.001797
0.002776 0.002246
0.002776 0.002695
0.003225 0.001797
0.003225 0.002695
0.003674 0.001797
0.003674 0.002246
0.003674 0.002695
0.002776 0.002695
0.002776 0.003144
0.002776 0.003593
0.003225 0.002695
0.003225 0.003593
0.003674 0.002695
0.003674 0.003144
0.003674 0.003593
0.002776 0.002695
0.002776 0.003144
0.002776 0.003593
0.003225 0.002695
0.003225 0.003593
0.003674 0.002695
0.003674 0.003144
0.003674 0.003593
0.003701 0.002695
0.003701 0.003144
0.003701 0.003593
0.004150 0.002695
0.004150 0.003593
0.004599 0.002695
0.004599 0.003144
0.004599 0.003593
0.004626 0.002695
0.004626 0.003144
0.004626 0.003593
0.005075 0.002695
0.005075 0.003593
0.005525 0.002695
0.005525 0.003144
0.005525 0.003593
0.003701 0.000000
0.003701 0.000449
0.003701 0.000898
0.004150 0.000000
0.004150 0.000898
0.004599 0.000000
0.004599 0.000449
0.004599 0.000898
0.003701 0.000898
0.003701 0.001347
0.003701 0.001797
0.004150 0.000898
0.004150 0.001797
0.004599 0.000898
0.004599 0.001347
0.004599 0.001797
0.003701 0.001797
0.003701 0.002246
0.003701 0.002695
0.004150 0.001797
0.004150 0.002695
0.004599 0.001797
0.004599 0.002246
0.004599 0.002695
0.003701 0.002695
0.003701 0.003144
0.003701 0.003593
0.004150 0.002695
0.004150 0.003593
0.004599 0.002695
0.004599 0.003144
0.004599 0.003593
0.003701 0.003593
0.003701 0.004042
0.003701 0.004492
0.004150 0.003593
0.004150 0.004492
0.004599 0.003593
0.004599 0.004042
0.004599 0.004492
0.003701 0.003593
0.003701 0.004042
0.003701 0.004492
0.004150 0.003593
0.004150 0.004492
0.004599 0.003593
0.004599 0.004042
0.004599 0.004492
0.004626 0.003593
0.004626 0.004042
0.004626 0.004492
0.005075 0.003593
0.005075 0.004492
0.005525 0.003593
0.005525 0.004042
0.005525 0.004492
0.005552 0.003593
0.005552 0.004042
0.005552 0.004492
0.006001 0.003593
0.006001 0.004492
0.006450 0.003593
0.006450 0.004042
0.006450 0.004492
0.006477 0.003593
0.006477 0.004042
0.006477 0.004492
0.006926 0.003593
0.006926 0.004492
0.007375 0.003593
0.007375 0.004042
0.007375 0.004492
