-0.000018 0.000090
0.000081 0.000296
0.000054 0.000602
0.000180 0.000557
0.000629 0.000458
0.000494 0.000234
0.000575 0.000027
0.000287 -0.000027
0.001024 0.000027
0.001060 0.000341
0.000979 0.000530
0.001222 0.000602
0.001554 0.000458
0.001482 0.000252
0.001545 0.000090
0.001240 -0.000018
0.000979 0.000970
0.000934 0.001168
0.000961 0.001482
0.001195 0.001473
0.001599 0.001464
0.001518 0.001249
0.001599 0.001006
0.001312 0.000898
-0.000081 0.000970
-0.000018 0.001267
0.000072 0.001500
0.000243 0.001464
0.000611 0.001545
0.000458 0.001177
0.000530 0.000988
0.000225 0.001024
0.002003 0.000045
0.002039 0.000269
0.001976 0.000512
0.002264 0.000629
0.002506 0.000503
0.002605 0.000269
0.002605 0.000018
0.002156 0.000018
0.001904 0.001033
0.001922 0.001330
0.002039 0.001464
0.002201 0.001527
0.002569 0.001545
0.002560 0.001186
0.002569 0.001024
0.002219 0.001024
0.001913 0.001985
0.002012 0.002318
0.002012 0.002452
0.002210 0.002596
0.002587 0.002578
0.002578 0.002228
0.002605 0.001931
0.002183 0.001904
-0.000054 0.001904
0.000018 0.002264
0.000018 0.002443
0.000234 0.002560
0.000611 0.002569
0.000530 0.002291
0.000557 0.001985
0.000243 0.001967
0.001069 0.002066
0.001042 0.002228
0.000988 0.002560
0.001231 0.002434
0.001563 0.002551
0.001599 0.002246
0.001599 0.001895
0.001267 0.001994
