-0.000045 -0.000045
-0.000045 0.000278
-0.000045 0.000602
0.000943 -0.000045
0.000620 -0.000045
0.000296 -0.000045
0.000943 -0.000045
0.000943 0.000278
0.000943 0.000602
0.001931 -0.000045
0.001608 -0.000045
0.001285 -0.000045
0.000943 0.000943
0.000943 0.001267
0.000943 0.001590
0.001931 0.000943
0.001608 0.000943
0.001285 0.000943
-0.000045 0.000943
-0.000045 0.001267
-0.000045 0.001590
0.000943 0.000943
0.000620 0.000943
0.000296 0.000943
0.001931 -0.000045
0.001931 0.000278
0.001931 0.000602
0.002920 0.000943
0.002920 0.000620
0.002920 0.000296
0.002920 -0.000045
0.002596 -0.000045
0.002273 -0.000045
0.001931 0.000943
0.001931 0.001267
0.001931 0.001590
0.002920 0.001931
0.002920 0.001608
0.002920 0.001285
0.002920 0.000943
0.002596 0.000943
0.002273 0.000943
0.001931 0.001931
0.001931 0.002255
0.001931 0.002578
0.001931 0.002920
0.002255 0.002920
0.002578 0.002920
0.002920 0.002920
0.002920 0.002596
0.002920 0.002273
0.002920 0.001931
0.002596 0.001931
0.002273 0.001931
-0.000045 0.001931
-0.000045 0.002255
-0.000045 0.002578
-0.000045 0.002920
0.000278 0.002920
0.000602 0.002920
0.000943 0.001931
0.000620 0.001931
0.000296 0.001931
0.000943 0.001931
0.000943 0.002255
0.000943 0.002578
0.000943 0.002920
0.001267 0.002920
0.001590 0.002920
0.001931 0.001931
0.001608 0.001931
0.001285 0.001931
