100.000000 1030.000000 15.772000 1028.000000 15.779000 11.000000 1.003906 
200.000000 1028.000000 18.924999 1026.000000 18.931999 8.000000 1.001953 
300.000000 1028.000000 26.096001 1026.000000 26.104000 5.000000 1.001953 
400.000000 1028.000000 26.408001 1026.000000 26.415001 5.000000 1.001953 
500.000000 1027.000000 31.007999 1025.000000 31.017000 4.000000 1.000977 
600.000000 1027.000000 30.832001 1025.000000 30.839001 4.000000 1.000977 
700.000000 1027.000000 30.893000 1025.000000 30.902000 4.000000 1.000977 
800.000000 1027.000000 30.837999 1025.000000 30.844999 4.000000 1.000977 
900.000000 1027.000000 30.840000 1025.000000 30.848000 4.000000 1.000977 
1000.000000 1025.000000 41.202000 1025.000000 41.207001 3.000000 1.000977 
1100.000000 1025.000000 40.977001 1025.000000 40.980999 3.000000 1.000977 
1200.000000 1025.000000 41.012001 1025.000000 41.015999 3.000000 1.000977 
1300.000000 1025.000000 40.956001 1025.000000 40.960999 3.000000 1.000977 
1400.000000 1025.000000 40.984001 1025.000000 40.988998 3.000000 1.000977 
1500.000000 1025.000000 41.283001 1025.000000 41.287998 3.000000 1.000977 
1600.000000 1025.000000 41.215000 1025.000000 41.219002 3.000000 1.000977 
1700.000000 1025.000000 40.949001 1025.000000 40.952999 3.000000 1.000977 
1800.000000 1025.000000 41.028999 1025.000000 41.034000 3.000000 1.000977 
1900.000000 1025.000000 40.962002 1025.000000 40.966999 3.000000 1.000977 
2000.000000 1025.000000 40.941002 1025.000000 40.945000 3.000000 1.000977 
2100.000000 1025.000000 41.042999 1025.000000 41.048000 3.000000 1.000977 
2200.000000 1025.000000 40.953999 1025.000000 40.959000 3.000000 1.000977 
2300.000000 1025.000000 41.012001 1025.000000 41.015999 3.000000 1.000977 
2400.000000 1025.000000 41.117001 1025.000000 41.122002 3.000000 1.000977 
2500.000000 1025.000000 41.464001 1025.000000 41.470001 3.000000 1.000977 
2600.000000 1025.000000 41.278999 1025.000000 41.283001 3.000000 1.000977 
2700.000000 1024.000000 73.833000 1024.000000 73.837997 2.000000 1.000000 
2800.000000 1024.000000 73.389000 1024.000000 73.392998 2.000000 1.000000 
2900.000000 1024.000000 73.663002 1024.000000 73.667999 2.000000 1.000000 
3000.000000 1024.000000 73.625999 1024.000000 73.629997 2.000000 1.000000 
3100.000000 1024.000000 74.167999 1024.000000 74.172997 2.000000 1.000000 
3200.000000 1024.000000 73.887001 1024.000000 73.890999 2.000000 1.000000 
3300.000000 1024.000000 73.585999 1024.000000 73.591003 2.000000 1.000000 
3400.000000 1024.000000 73.628998 1024.000000 73.633003 2.000000 1.000000 
3500.000000 1024.000000 73.574997 1024.000000 73.580002 2.000000 1.000000 
3600.000000 1024.000000 73.445999 1024.000000 73.449997 2.000000 1.000000 
3700.000000 1024.000000 73.781998 1024.000000 73.786003 2.000000 1.000000 
3800.000000 1024.000000 74.418999 1024.000000 74.422997 2.000000 1.000000 
3900.000000 1024.000000 73.706001 1024.000000 73.709999 2.000000 1.000000 
4000.000000 1024.000000 75.162003 1024.000000 75.167000 2.000000 1.000000 
4100.000000 1024.000000 73.856003 1024.000000 73.861000 2.000000 1.000000 
4200.000000 1024.000000 73.838997 1024.000000 73.843002 2.000000 1.000000 
4300.000000 1024.000000 74.414001 1024.000000 74.418999 2.000000 1.000000 
4400.000000 1024.000000 74.669998 1024.000000 74.674004 2.000000 1.000000 
4500.000000 1024.000000 74.427002 1024.000000 74.431000 2.000000 1.000000 
4600.000000 1024.000000 74.125000 1024.000000 74.128998 2.000000 1.000000 
4700.000000 1024.000000 73.620003 1024.000000 73.625000 2.000000 1.000000 
4800.000000 1024.000000 117.804001 -1.000000 117.804001 1.000000 -0.000977 
4900.000000 1024.000000 119.570000 -1.000000 119.570000 1.000000 -0.000977 
5000.000000 1024.000000 119.460999 -1.000000 119.460999 1.000000 -0.000977 
5100.000000 1024.000000 119.251999 -1.000000 119.251999 1.000000 -0.000977 
5200.000000 1024.000000 119.578003 -1.000000 119.578003 1.000000 -0.000977 
5300.000000 1024.000000 119.502998 -1.000000 119.502998 1.000000 -0.000977 
5400.000000 1024.000000 119.161003 -1.000000 119.161003 1.000000 -0.000977 
5500.000000 1024.000000 120.176003 -1.000000 120.176003 1.000000 -0.000977 
5600.000000 1024.000000 120.504997 -1.000000 120.504997 1.000000 -0.000977 
5700.000000 1024.000000 119.414001 -1.000000 119.414001 1.000000 -0.000977 
5800.000000 1024.000000 119.917999 -1.000000 119.917999 1.000000 -0.000977 
5900.000000 1024.000000 120.021004 -1.000000 120.021004 1.000000 -0.000977 
6000.000000 1024.000000 122.248001 -1.000000 122.248001 1.000000 -0.000977 
