10.000000 540.000000 1.308000 532.000000 1.317000 12.000000 1.007576 
20.000000 538.000000 1.903000 533.000000 1.914000 8.000000 1.009470 
30.000000 539.000000 1.912000 534.000000 1.919000 8.000000 1.011364 
40.000000 534.000000 2.425000 532.000000 2.429000 6.000000 1.007576 
50.000000 532.000000 2.730000 531.000000 2.733000 5.000000 1.005682 
60.000000 531.000000 2.989000 530.000000 2.994000 5.000000 1.003788 
70.000000 530.000000 3.475000 530.000000 3.478000 4.000000 1.003788 
80.000000 530.000000 3.309000 530.000000 3.311000 4.000000 1.003788 
90.000000 530.000000 3.314000 530.000000 3.316000 4.000000 1.003788 
100.000000 530.000000 3.314000 530.000000 3.316000 4.000000 1.003788 
110.000000 530.000000 3.311000 530.000000 3.313000 4.000000 1.003788 
120.000000 530.000000 3.333000 530.000000 3.336000 4.000000 1.003788 
130.000000 530.000000 3.321000 530.000000 3.322000 4.000000 1.003788 
140.000000 529.000000 4.635000 529.000000 4.638000 3.000000 1.001894 
150.000000 529.000000 4.676000 529.000000 4.678000 3.000000 1.001894 
160.000000 529.000000 4.633000 529.000000 4.636000 3.000000 1.001894 
170.000000 529.000000 4.649000 529.000000 4.651000 3.000000 1.001894 
180.000000 529.000000 4.653000 529.000000 4.656000 3.000000 1.001894 
190.000000 529.000000 4.690000 529.000000 4.692000 3.000000 1.001894 
200.000000 528.000000 6.450000 528.000000 6.453000 2.000000 1.000000 
210.000000 528.000000 6.436000 528.000000 6.438000 2.000000 1.000000 
220.000000 528.000000 6.423000 528.000000 6.426000 2.000000 1.000000 
230.000000 528.000000 6.458000 528.000000 6.460000 2.000000 1.000000 
240.000000 528.000000 6.384000 528.000000 6.387000 2.000000 1.000000 
250.000000 528.000000 6.414000 528.000000 6.416000 2.000000 1.000000 
260.000000 528.000000 6.423000 528.000000 6.426000 2.000000 1.000000 
270.000000 528.000000 6.414000 528.000000 6.416000 2.000000 1.000000 
280.000000 528.000000 6.382000 528.000000 6.385000 2.000000 1.000000 
290.000000 528.000000 6.408000 528.000000 6.411000 2.000000 1.000000 
300.000000 528.000000 6.411000 528.000000 6.413000 2.000000 1.000000 
310.000000 528.000000 6.401000 528.000000 6.404000 2.000000 1.000000 
320.000000 528.000000 6.396000 528.000000 6.398000 2.000000 1.000000 
330.000000 528.000000 6.358000 528.000000 6.360000 2.000000 1.000000 
340.000000 528.000000 6.389000 528.000000 6.391000 2.000000 1.000000 
350.000000 528.000000 6.393000 528.000000 6.395000 2.000000 1.000000 
360.000000 528.000000 6.405000 528.000000 6.407000 2.000000 1.000000 
370.000000 528.000000 6.379000 528.000000 6.381000 2.000000 1.000000 
380.000000 528.000000 6.389000 528.000000 6.390000 2.000000 1.000000 
390.000000 528.000000 6.371000 528.000000 6.373000 2.000000 1.000000 
400.000000 528.000000 6.380000 528.000000 6.383000 2.000000 1.000000 
410.000000 528.000000 6.395000 528.000000 6.398000 2.000000 1.000000 
420.000000 528.000000 6.428000 528.000000 6.430000 2.000000 1.000000 
430.000000 528.000000 6.412000 528.000000 6.413000 2.000000 1.000000 
440.000000 528.000000 6.379000 528.000000 6.382000 2.000000 1.000000 
450.000000 528.000000 6.414000 528.000000 6.416000 2.000000 1.000000 
460.000000 528.000000 6.374000 528.000000 6.376000 2.000000 1.000000 
470.000000 528.000000 6.479000 528.000000 6.482000 2.000000 1.000000 
480.000000 528.000000 6.364000 528.000000 6.367000 2.000000 1.000000 
490.000000 528.000000 6.385000 528.000000 6.387000 2.000000 1.000000 
500.000000 528.000000 6.400000 528.000000 6.403000 2.000000 1.000000 
510.000000 528.000000 6.359000 528.000000 6.362000 2.000000 1.000000 
520.000000 528.000000 6.356000 528.000000 6.357000 2.000000 1.000000 
530.000000 528.000000 6.368000 528.000000 6.370000 2.000000 1.000000 
540.000000 528.000000 6.364000 528.000000 6.366000 2.000000 1.000000 
550.000000 528.000000 6.371000 528.000000 6.373000 2.000000 1.000000 
560.000000 528.000000 6.459000 528.000000 6.461000 2.000000 1.000000 
570.000000 528.000000 7.499000 528.000000 7.502000 2.000000 1.000000 
580.000000 528.000000 6.815000 528.000000 6.818000 2.000000 1.000000 
590.000000 528.000000 6.518000 528.000000 6.521000 2.000000 1.000000 
600.000000 528.000000 6.846000 528.000000 6.848000 2.000000 1.000000 
610.000000 528.000000 6.836000 528.000000 6.839000 2.000000 1.000000 
620.000000 528.000000 6.509000 528.000000 6.512000 2.000000 1.000000 
630.000000 528.000000 6.363000 528.000000 6.366000 2.000000 1.000000 
640.000000 528.000000 6.389000 528.000000 6.391000 2.000000 1.000000 
650.000000 528.000000 13.493000 -1.000000 13.493000 1.000000 -0.001894 
660.000000 528.000000 13.275000 -1.000000 13.275000 1.000000 -0.001894 
670.000000 528.000000 13.155000 -1.000000 13.155000 1.000000 -0.001894 
680.000000 528.000000 13.033000 -1.000000 13.033000 1.000000 -0.001894 
690.000000 528.000000 12.999000 -1.000000 12.999000 1.000000 -0.001894 
700.000000 528.000000 13.032000 -1.000000 13.032000 1.000000 -0.001894 
