10.000000 294.000000 1.818000 286.000000 1.841000 13.000000 1.036232 
20.000000 288.000000 2.334000 284.000000 2.356000 8.000000 1.028986 
30.000000 288.000000 2.295000 284.000000 2.297000 8.000000 1.028986 
40.000000 284.000000 2.983000 282.000000 2.983000 6.000000 1.021739 
50.000000 280.000000 3.202000 280.000000 3.206000 5.000000 1.014493 
60.000000 280.000000 3.190000 280.000000 3.190000 5.000000 1.014493 
70.000000 280.000000 3.934000 280.000000 3.934000 4.000000 1.014493 
80.000000 280.000000 3.780000 280.000000 3.784000 4.000000 1.014493 
90.000000 280.000000 3.783000 280.000000 3.788000 4.000000 1.014493 
100.000000 280.000000 3.753000 280.000000 3.769000 4.000000 1.014493 
110.000000 280.000000 3.775000 280.000000 3.780000 4.000000 1.014493 
120.000000 280.000000 3.774000 280.000000 3.790000 4.000000 1.014493 
130.000000 280.000000 3.797000 280.000000 3.801000 4.000000 1.014493 
140.000000 278.000000 5.096000 278.000000 5.100000 3.000000 1.007246 
150.000000 278.000000 5.093000 278.000000 5.098000 3.000000 1.007246 
160.000000 278.000000 5.045000 278.000000 5.049000 3.000000 1.007246 
170.000000 278.000000 5.215000 278.000000 5.219000 3.000000 1.007246 
180.000000 278.000000 5.061000 278.000000 5.065000 3.000000 1.007246 
190.000000 278.000000 5.172000 278.000000 5.177000 3.000000 1.007246 
200.000000 277.000000 6.841000 277.000000 6.845000 2.000000 1.003623 
210.000000 277.000000 6.818000 277.000000 6.823000 2.000000 1.003623 
220.000000 277.000000 6.795000 277.000000 6.800000 2.000000 1.003623 
230.000000 277.000000 6.831000 277.000000 6.835000 2.000000 1.003623 
240.000000 277.000000 6.846000 277.000000 6.851000 2.000000 1.003623 
250.000000 277.000000 6.816000 277.000000 6.820000 2.000000 1.003623 
260.000000 277.000000 6.822000 277.000000 6.826000 2.000000 1.003623 
270.000000 277.000000 6.907000 277.000000 6.911000 2.000000 1.003623 
280.000000 277.000000 6.868000 277.000000 6.872000 2.000000 1.003623 
290.000000 277.000000 6.819000 277.000000 6.823000 2.000000 1.003623 
300.000000 277.000000 6.814000 277.000000 6.819000 2.000000 1.003623 
310.000000 277.000000 6.853000 277.000000 6.858000 2.000000 1.003623 
320.000000 277.000000 6.818000 277.000000 6.822000 2.000000 1.003623 
330.000000 277.000000 6.818000 277.000000 6.822000 2.000000 1.003623 
340.000000 277.000000 6.811000 277.000000 6.815000 2.000000 1.003623 
350.000000 277.000000 6.816000 277.000000 6.820000 2.000000 1.003623 
360.000000 277.000000 6.820000 277.000000 6.824000 2.000000 1.003623 
370.000000 277.000000 6.897000 277.000000 6.901000 2.000000 1.003623 
380.000000 277.000000 6.854000 277.000000 6.859000 2.000000 1.003623 
390.000000 277.000000 6.872000 277.000000 6.876000 2.000000 1.003623 
400.000000 277.000000 6.850000 277.000000 6.855000 2.000000 1.003623 
410.000000 277.000000 6.813000 277.000000 6.818000 2.000000 1.003623 
420.000000 277.000000 6.810000 277.000000 6.814000 2.000000 1.003623 
430.000000 277.000000 6.814000 277.000000 6.819000 2.000000 1.003623 
440.000000 277.000000 6.806000 277.000000 6.810000 2.000000 1.003623 
450.000000 277.000000 6.826000 277.000000 6.831000 2.000000 1.003623 
460.000000 277.000000 6.798000 277.000000 6.803000 2.000000 1.003623 
470.000000 277.000000 6.861000 277.000000 6.865000 2.000000 1.003623 
480.000000 277.000000 6.823000 277.000000 6.827000 2.000000 1.003623 
490.000000 277.000000 6.846000 277.000000 6.851000 2.000000 1.003623 
500.000000 277.000000 6.799000 277.000000 6.804000 2.000000 1.003623 
510.000000 277.000000 6.838000 277.000000 6.843000 2.000000 1.003623 
520.000000 277.000000 6.832000 277.000000 6.837000 2.000000 1.003623 
530.000000 277.000000 6.819000 277.000000 6.824000 2.000000 1.003623 
540.000000 277.000000 6.831000 277.000000 6.835000 2.000000 1.003623 
550.000000 277.000000 6.863000 277.000000 6.867000 2.000000 1.003623 
560.000000 277.000000 6.800000 277.000000 6.805000 2.000000 1.003623 
570.000000 277.000000 6.825000 277.000000 6.830000 2.000000 1.003623 
580.000000 277.000000 6.821000 277.000000 6.826000 2.000000 1.003623 
590.000000 277.000000 6.822000 277.000000 6.827000 2.000000 1.003623 
600.000000 277.000000 6.863000 277.000000 6.867000 2.000000 1.003623 
610.000000 277.000000 6.895000 277.000000 6.900000 2.000000 1.003623 
620.000000 277.000000 6.830000 277.000000 6.835000 2.000000 1.003623 
630.000000 277.000000 6.808000 277.000000 6.813000 2.000000 1.003623 
640.000000 277.000000 6.817000 277.000000 6.822000 2.000000 1.003623 
650.000000 276.000000 13.762000 -1.000000 13.762000 1.000000 -0.003623 
660.000000 276.000000 13.616000 -1.000000 13.616000 1.000000 -0.003623 
670.000000 276.000000 13.593000 -1.000000 13.593000 1.000000 -0.003623 
680.000000 276.000000 13.610000 -1.000000 13.610000 1.000000 -0.003623 
690.000000 276.000000 13.600000 -1.000000 13.600000 1.000000 -0.003623 
700.000000 276.000000 13.625000 -1.000000 13.625000 1.000000 -0.003623 
