10.000000 203.000000 1.836000 190.000000 1.889000 13.000000 1.067416 
20.000000 195.000000 2.468000 184.000000 2.521000 8.000000 1.033708 
30.000000 195.000000 2.481000 184.000000 2.517000 8.000000 1.033708 
40.000000 194.000000 3.107000 187.000000 3.125000 6.000000 1.050562 
50.000000 189.000000 3.438000 184.000000 3.456000 5.000000 1.033708 
60.000000 189.000000 3.459000 184.000000 3.478000 5.000000 1.033708 
70.000000 187.000000 4.215000 183.000000 4.227000 4.000000 1.028090 
80.000000 187.000000 4.209000 183.000000 4.226000 4.000000 1.028090 
90.000000 187.000000 4.292000 183.000000 4.308000 4.000000 1.028090 
100.000000 187.000000 4.032000 183.000000 4.046000 4.000000 1.028090 
110.000000 187.000000 4.140000 183.000000 4.156000 4.000000 1.028090 
120.000000 187.000000 4.062000 183.000000 4.082000 4.000000 1.028090 
130.000000 187.000000 4.043000 183.000000 4.054000 4.000000 1.028090 
140.000000 182.000000 5.270000 180.000000 5.287000 3.000000 1.011236 
150.000000 182.000000 5.251000 180.000000 5.267000 3.000000 1.011236 
160.000000 182.000000 5.260000 180.000000 5.273000 3.000000 1.011236 
170.000000 182.000000 5.221000 180.000000 5.238000 3.000000 1.011236 
180.000000 182.000000 5.245000 180.000000 5.261000 3.000000 1.011236 
190.000000 182.000000 5.221000 180.000000 5.237000 3.000000 1.011236 
200.000000 180.000000 7.001000 179.000000 7.012000 2.000000 1.005618 
210.000000 180.000000 6.993000 179.000000 7.004000 2.000000 1.005618 
220.000000 180.000000 6.997000 179.000000 7.007000 2.000000 1.005618 
230.000000 180.000000 6.969000 179.000000 6.980000 2.000000 1.005618 
240.000000 180.000000 7.103000 179.000000 7.114000 2.000000 1.005618 
250.000000 180.000000 7.006000 179.000000 7.018000 2.000000 1.005618 
260.000000 180.000000 7.045000 179.000000 7.057000 2.000000 1.005618 
270.000000 180.000000 6.990000 179.000000 7.002000 2.000000 1.005618 
280.000000 180.000000 7.008000 179.000000 7.020000 2.000000 1.005618 
290.000000 180.000000 6.968000 179.000000 6.980000 2.000000 1.005618 
300.000000 180.000000 6.982000 179.000000 6.994000 2.000000 1.005618 
310.000000 180.000000 6.955000 179.000000 6.971000 2.000000 1.005618 
320.000000 180.000000 7.023000 179.000000 7.033000 2.000000 1.005618 
330.000000 180.000000 6.988000 179.000000 6.999000 2.000000 1.005618 
340.000000 180.000000 6.994000 179.000000 7.006000 2.000000 1.005618 
350.000000 180.000000 7.005000 179.000000 7.016000 2.000000 1.005618 
360.000000 180.000000 7.003000 179.000000 7.014000 2.000000 1.005618 
370.000000 180.000000 7.010000 179.000000 7.021000 2.000000 1.005618 
380.000000 180.000000 7.005000 179.000000 7.016000 2.000000 1.005618 
390.000000 180.000000 6.998000 179.000000 7.010000 2.000000 1.005618 
400.000000 180.000000 6.984000 179.000000 6.995000 2.000000 1.005618 
410.000000 180.000000 7.005000 179.000000 7.017000 2.000000 1.005618 
420.000000 180.000000 7.003000 179.000000 7.014000 2.000000 1.005618 
430.000000 180.000000 6.985000 179.000000 7.001000 2.000000 1.005618 
440.000000 180.000000 7.009000 179.000000 7.020000 2.000000 1.005618 
450.000000 180.000000 6.992000 179.000000 7.004000 2.000000 1.005618 
460.000000 180.000000 6.996000 179.000000 7.008000 2.000000 1.005618 
470.000000 180.000000 7.014000 179.000000 7.025000 2.000000 1.005618 
480.000000 180.000000 7.034000 179.000000 7.046000 2.000000 1.005618 
490.000000 180.000000 7.007000 179.000000 7.018000 2.000000 1.005618 
500.000000 180.000000 7.032000 179.000000 7.043000 2.000000 1.005618 
510.000000 180.000000 6.996000 179.000000 7.007000 2.000000 1.005618 
520.000000 180.000000 6.981000 179.000000 6.992000 2.000000 1.005618 
530.000000 180.000000 6.972000 179.000000 6.983000 2.000000 1.005618 
540.000000 180.000000 7.025000 179.000000 7.035000 2.000000 1.005618 
550.000000 180.000000 6.988000 179.000000 7.000000 2.000000 1.005618 
560.000000 180.000000 6.967000 179.000000 6.978000 2.000000 1.005618 
570.000000 180.000000 7.008000 179.000000 7.019000 2.000000 1.005618 
580.000000 180.000000 7.004000 179.000000 7.016000 2.000000 1.005618 
590.000000 180.000000 6.989000 179.000000 7.000000 2.000000 1.005618 
600.000000 180.000000 7.011000 179.000000 7.022000 2.000000 1.005618 
610.000000 180.000000 7.006000 179.000000 7.018000 2.000000 1.005618 
620.000000 180.000000 7.007000 179.000000 7.018000 2.000000 1.005618 
630.000000 180.000000 7.013000 179.000000 7.024000 2.000000 1.005618 
640.000000 180.000000 6.994000 179.000000 7.006000 2.000000 1.005618 
650.000000 178.000000 13.967000 -1.000000 13.967000 1.000000 -0.005618 
660.000000 178.000000 13.908000 -1.000000 13.908000 1.000000 -0.005618 
670.000000 178.000000 13.916000 -1.000000 13.916000 1.000000 -0.005618 
680.000000 178.000000 13.932000 -1.000000 13.932000 1.000000 -0.005618 
690.000000 178.000000 13.951000 -1.000000 13.951000 1.000000 -0.005618 
700.000000 178.000000 13.894000 -1.000000 13.894000 1.000000 -0.005618 
