100.000000 1142.000000 14.353000 1141.000000 14.359000 11.000000 1.001756 
200.000000 1141.000000 17.677999 1140.000000 17.684000 8.000000 1.000878 
300.000000 1141.000000 24.511999 1140.000000 24.518000 5.000000 1.000878 
400.000000 1141.000000 24.391001 1140.000000 24.396000 5.000000 1.000878 
500.000000 1140.000000 30.238001 1139.000000 30.243000 4.000000 1.000000 
600.000000 1140.000000 30.704000 1139.000000 30.709999 4.000000 1.000000 
700.000000 1140.000000 30.695999 1139.000000 30.702000 4.000000 1.000000 
800.000000 1140.000000 30.826000 1139.000000 30.830999 4.000000 1.000000 
900.000000 1140.000000 30.184999 1139.000000 30.190001 4.000000 1.000000 
1000.000000 1139.000000 41.250999 1139.000000 41.256001 3.000000 1.000000 
1100.000000 1139.000000 42.393002 1139.000000 42.397999 3.000000 1.000000 
1200.000000 1139.000000 41.237000 1139.000000 41.242001 3.000000 1.000000 
1300.000000 1139.000000 39.548000 1139.000000 39.551998 3.000000 1.000000 
1400.000000 1139.000000 39.369999 1139.000000 39.374001 3.000000 1.000000 
1500.000000 1139.000000 40.035000 1139.000000 40.040001 3.000000 1.000000 
1600.000000 1139.000000 40.764999 1139.000000 40.771999 3.000000 1.000000 
1700.000000 1139.000000 39.941002 1139.000000 39.945999 3.000000 1.000000 
1800.000000 1139.000000 41.667999 1139.000000 41.673000 3.000000 1.000000 
1900.000000 1139.000000 41.395000 1139.000000 41.400002 3.000000 1.000000 
2000.000000 1139.000000 43.723999 1139.000000 43.728001 3.000000 1.000000 
2100.000000 1139.000000 40.867001 1139.000000 40.872002 3.000000 1.000000 
2200.000000 1139.000000 39.765999 1139.000000 39.770000 3.000000 1.000000 
2300.000000 1139.000000 39.500000 1139.000000 39.505001 3.000000 1.000000 
2400.000000 1139.000000 39.382000 1139.000000 39.387001 3.000000 1.000000 
2500.000000 1139.000000 40.925999 1139.000000 40.930000 3.000000 1.000000 
2600.000000 1139.000000 39.730000 1139.000000 39.734001 3.000000 1.000000 
2700.000000 1139.000000 72.779999 1139.000000 72.786003 2.000000 1.000000 
2800.000000 1139.000000 71.091003 1139.000000 71.096001 2.000000 1.000000 
2900.000000 1139.000000 76.794998 1139.000000 76.801003 2.000000 1.000000 
3000.000000 1139.000000 74.200996 1139.000000 74.206001 2.000000 1.000000 
3100.000000 1139.000000 73.931999 1139.000000 73.935997 2.000000 1.000000 
3200.000000 1139.000000 70.819000 1139.000000 70.823997 2.000000 1.000000 
3300.000000 1139.000000 71.710999 1139.000000 71.714996 2.000000 1.000000 
3400.000000 1139.000000 72.305000 1139.000000 72.309998 2.000000 1.000000 
3500.000000 1139.000000 72.103996 1139.000000 72.109001 2.000000 1.000000 
3600.000000 1139.000000 74.769997 1139.000000 74.775002 2.000000 1.000000 
3700.000000 1139.000000 74.883003 1139.000000 74.888000 2.000000 1.000000 
3800.000000 1139.000000 75.039001 1139.000000 75.043999 2.000000 1.000000 
3900.000000 1139.000000 77.321999 1139.000000 77.325996 2.000000 1.000000 
4000.000000 1139.000000 74.485001 1139.000000 74.490997 2.000000 1.000000 
4100.000000 1139.000000 76.541000 1139.000000 76.545998 2.000000 1.000000 
4200.000000 1139.000000 73.591003 1139.000000 73.596001 2.000000 1.000000 
4300.000000 1139.000000 72.978996 1139.000000 72.983002 2.000000 1.000000 
4400.000000 1139.000000 73.694000 1139.000000 73.698997 2.000000 1.000000 
4500.000000 1139.000000 80.816002 1139.000000 80.822998 2.000000 1.000000 
