10.000000 152.000000 2.133000 137.000000 2.229000 14.000000 1.045802 
20.000000 143.000000 2.670000 137.000000 2.717000 9.000000 1.045802 
30.000000 142.000000 2.873000 136.000000 2.918000 8.000000 1.038168 
40.000000 140.000000 3.616000 135.000000 3.653000 6.000000 1.030534 
50.000000 137.000000 3.809000 134.000000 3.837000 5.000000 1.022901 
60.000000 137.000000 3.792000 134.000000 3.820000 5.000000 1.022901 
70.000000 136.000000 4.597000 133.000000 4.624000 4.000000 1.015267 
80.000000 136.000000 4.424000 133.000000 4.451000 4.000000 1.015267 
90.000000 136.000000 4.625000 133.000000 4.652000 4.000000 1.015267 
100.000000 136.000000 4.526000 133.000000 4.554000 4.000000 1.015267 
110.000000 136.000000 4.652000 133.000000 4.679000 4.000000 1.015267 
120.000000 136.000000 4.678000 133.000000 4.705000 4.000000 1.015267 
130.000000 136.000000 4.660000 133.000000 4.689000 4.000000 1.015267 
140.000000 133.000000 6.228000 132.000000 6.248000 3.000000 1.007634 
150.000000 133.000000 6.275000 132.000000 6.294000 3.000000 1.007634 
160.000000 133.000000 6.022000 132.000000 6.041000 3.000000 1.007634 
170.000000 133.000000 5.888000 132.000000 5.905000 3.000000 1.007634 
180.000000 133.000000 5.831000 132.000000 5.848000 3.000000 1.007634 
190.000000 133.000000 6.026000 132.000000 6.044000 3.000000 1.007634 
200.000000 132.000000 7.976000 131.000000 7.995000 2.000000 1.000000 
210.000000 132.000000 7.783000 131.000000 7.802000 2.000000 1.000000 
220.000000 132.000000 8.068000 131.000000 8.086000 2.000000 1.000000 
230.000000 132.000000 7.671000 131.000000 7.689000 2.000000 1.000000 
240.000000 132.000000 7.711000 131.000000 7.729000 2.000000 1.000000 
250.000000 132.000000 7.635000 131.000000 7.654000 2.000000 1.000000 
260.000000 132.000000 7.957000 131.000000 7.975000 2.000000 1.000000 
270.000000 132.000000 7.873000 131.000000 7.891000 2.000000 1.000000 
280.000000 132.000000 7.824000 131.000000 7.842000 2.000000 1.000000 
290.000000 132.000000 7.828000 131.000000 7.845000 2.000000 1.000000 
300.000000 132.000000 7.657000 131.000000 7.674000 2.000000 1.000000 
310.000000 132.000000 7.884000 131.000000 7.902000 2.000000 1.000000 
320.000000 132.000000 7.719000 131.000000 7.737000 2.000000 1.000000 
330.000000 132.000000 7.893000 131.000000 7.911000 2.000000 1.000000 
340.000000 132.000000 8.542000 131.000000 8.561000 2.000000 1.000000 
350.000000 132.000000 8.153000 131.000000 8.170000 2.000000 1.000000 
360.000000 132.000000 7.654000 131.000000 7.671000 2.000000 1.000000 
370.000000 132.000000 7.845000 131.000000 7.864000 2.000000 1.000000 
380.000000 132.000000 7.639000 131.000000 7.657000 2.000000 1.000000 
390.000000 132.000000 7.833000 131.000000 7.849000 2.000000 1.000000 
400.000000 132.000000 7.802000 131.000000 7.820000 2.000000 1.000000 
410.000000 132.000000 7.655000 131.000000 7.672000 2.000000 1.000000 
420.000000 132.000000 7.941000 131.000000 7.958000 2.000000 1.000000 
430.000000 132.000000 7.629000 131.000000 7.648000 2.000000 1.000000 
440.000000 132.000000 8.457000 131.000000 8.477000 2.000000 1.000000 
450.000000 132.000000 8.349000 131.000000 8.368000 2.000000 1.000000 
460.000000 132.000000 8.316000 131.000000 8.334000 2.000000 1.000000 
470.000000 132.000000 8.839000 131.000000 8.857000 2.000000 1.000000 
480.000000 132.000000 8.709000 131.000000 8.728000 2.000000 1.000000 
490.000000 132.000000 8.961000 131.000000 8.983000 2.000000 1.000000 
500.000000 132.000000 8.834000 131.000000 8.853000 2.000000 1.000000 
510.000000 132.000000 8.844000 131.000000 8.862000 2.000000 1.000000 
520.000000 132.000000 8.726000 131.000000 8.746000 2.000000 1.000000 
530.000000 132.000000 8.832000 131.000000 8.853000 2.000000 1.000000 
540.000000 132.000000 8.684000 131.000000 8.704000 2.000000 1.000000 
550.000000 132.000000 8.705000 131.000000 8.726000 2.000000 1.000000 
560.000000 132.000000 8.747000 131.000000 8.767000 2.000000 1.000000 
570.000000 132.000000 8.761000 131.000000 8.781000 2.000000 1.000000 
580.000000 132.000000 8.783000 131.000000 8.802000 2.000000 1.000000 
590.000000 132.000000 8.872000 131.000000 8.900000 2.000000 1.000000 
600.000000 132.000000 8.492000 131.000000 8.510000 2.000000 1.000000 
610.000000 132.000000 8.608000 131.000000 8.626000 2.000000 1.000000 
620.000000 132.000000 8.169000 131.000000 8.187000 2.000000 1.000000 
630.000000 132.000000 8.190000 131.000000 8.209000 2.000000 1.000000 
640.000000 132.000000 8.196000 131.000000 8.215000 2.000000 1.000000 
650.000000 131.000000 16.334999 -1.000000 16.334999 1.000000 -0.007634 
660.000000 131.000000 16.285000 -1.000000 16.285000 1.000000 -0.007634 
670.000000 131.000000 16.224001 -1.000000 16.224001 1.000000 -0.007634 
680.000000 131.000000 16.253000 -1.000000 16.253000 1.000000 -0.007634 
690.000000 131.000000 16.179001 -1.000000 16.179001 1.000000 -0.007634 
700.000000 131.000000 16.309000 -1.000000 16.309000 1.000000 -0.007634 
