100.000000 1057.000000 17.181000 1054.000000 17.191000 11.000000 1.001901 
200.000000 1057.000000 21.620001 1054.000000 21.627001 8.000000 1.001901 
300.000000 1056.000000 27.834000 1054.000000 27.839001 5.000000 1.001901 
400.000000 1056.000000 27.738001 1054.000000 27.745001 5.000000 1.001901 
500.000000 1055.000000 33.509998 1053.000000 33.516998 4.000000 1.000951 
600.000000 1055.000000 33.235001 1053.000000 33.241001 4.000000 1.000951 
700.000000 1055.000000 31.888000 1053.000000 31.893999 4.000000 1.000951 
800.000000 1055.000000 31.367001 1053.000000 31.372000 4.000000 1.000951 
900.000000 1055.000000 33.838001 1053.000000 33.845001 4.000000 1.000951 
1000.000000 1053.000000 46.099998 1053.000000 46.105000 3.000000 1.000951 
1100.000000 1053.000000 45.369999 1053.000000 45.374001 3.000000 1.000951 
1200.000000 1053.000000 44.692001 1053.000000 44.696999 3.000000 1.000951 
1300.000000 1053.000000 43.338001 1053.000000 43.342999 3.000000 1.000951 
1400.000000 1053.000000 44.991001 1053.000000 44.995998 3.000000 1.000951 
1500.000000 1053.000000 43.108002 1053.000000 43.112000 3.000000 1.000951 
1600.000000 1053.000000 41.438000 1053.000000 41.443001 3.000000 1.000951 
1700.000000 1053.000000 41.639000 1053.000000 41.645000 3.000000 1.000951 
1800.000000 1053.000000 41.537998 1053.000000 41.542999 3.000000 1.000951 
1900.000000 1053.000000 41.444000 1053.000000 41.448002 3.000000 1.000951 
2000.000000 1053.000000 41.610001 1053.000000 41.615002 3.000000 1.000951 
2100.000000 1053.000000 41.998001 1053.000000 42.002998 3.000000 1.000951 
2200.000000 1053.000000 41.560001 1053.000000 41.563999 3.000000 1.000951 
2300.000000 1053.000000 41.426998 1053.000000 41.431000 3.000000 1.000951 
2400.000000 1053.000000 41.445999 1053.000000 41.451000 3.000000 1.000951 
2500.000000 1053.000000 41.373001 1053.000000 41.376999 3.000000 1.000951 
2600.000000 1053.000000 41.305000 1053.000000 41.310001 3.000000 1.000951 
2700.000000 1052.000000 73.095001 1052.000000 73.099998 2.000000 1.000000 
2800.000000 1052.000000 75.017998 1052.000000 75.023003 2.000000 1.000000 
2900.000000 1052.000000 79.801003 1052.000000 79.806000 2.000000 1.000000 
3000.000000 1052.000000 78.716003 1052.000000 78.721001 2.000000 1.000000 
3100.000000 1052.000000 78.281998 1052.000000 78.287003 2.000000 1.000000 
3200.000000 1052.000000 79.633003 1052.000000 79.639000 2.000000 1.000000 
3300.000000 1052.000000 80.507004 1052.000000 80.512001 2.000000 1.000000 
3400.000000 1052.000000 77.938004 1052.000000 77.942001 2.000000 1.000000 
3500.000000 1052.000000 83.102997 1052.000000 83.108002 2.000000 1.000000 
3600.000000 1052.000000 81.800003 1052.000000 81.806000 2.000000 1.000000 
3700.000000 1052.000000 80.478996 1052.000000 80.484001 2.000000 1.000000 
3800.000000 1052.000000 79.665001 1052.000000 79.669998 2.000000 1.000000 
3900.000000 1052.000000 81.995003 1052.000000 82.000000 2.000000 1.000000 
4000.000000 1052.000000 76.513000 1052.000000 76.517998 2.000000 1.000000 
4100.000000 1052.000000 78.308998 1052.000000 78.314003 2.000000 1.000000 
4200.000000 1052.000000 83.555000 1052.000000 83.559998 2.000000 1.000000 
4300.000000 1052.000000 82.680000 1052.000000 82.685997 2.000000 1.000000 
4400.000000 1052.000000 81.920998 1052.000000 81.926003 2.000000 1.000000 
4500.000000 1052.000000 77.944000 1052.000000 77.948997 2.000000 1.000000 
