838519	10044	2107979914	742477.38	6945784.23	742477.55	6945772.7
838527	10044	2107979913	742456.81	6945785.7	742457.27	6945775.56
838535	5022	2107974630	742427.66	6945790.53	742429.78	6945779.79
838543	5022	2114834029	742417.5	6945782.57	742418.59	6945769.89
838586	8154	2107974648	742379.01	6945793.85	742378.61	6945780.11
838594	8154	2107974648	742379.01	6945793.85	742378.61	6945780.11
838624	8154	2107974648	742379.01	6945793.85	742378.61	6945780.11
838632	8154	2107974648	742379.01	6945793.85	742378.61	6945780.11
838640	8154	2107974648	742379.01	6945793.85	742378.61	6945780.11
838667	8154	2107974648	742379.01	6945793.85	742378.61	6945780.11
838675	8154	2107974648	742379.01	6945793.85	742378.61	6945780.11
838683	8154	2107974648	742379.01	6945793.85	742378.61	6945780.11
838691	8154	2107974648	742379.01	6945793.85	742378.61	6945780.11
838705	8154	2107974648	742379.01	6945793.85	742378.61	6945780.11
838780	8154	2107974665	742345.48	6945797.24	742344.86	6945789.05
838799	8154	2107974685	742283.02	6945796.6	742283.62	6945781.16
838802	8154	2107974685	742283.02	6945796.6	742283.62	6945781.16
838810	7548	2107974687	742255.43	6945794.56	742255.43	6945786.97
838829	7548	2107974687	742255.43	6945794.56	742255.43	6945786.97
838837	7548	2107974687	742255.43	6945794.56	742255.43	6945786.97
838845	7548	2107974687	742255.43	6945794.56	742255.43	6945786.97
838853	7548	2107974687	742255.43	6945794.56	742255.43	6945786.97
838861	7548	2107974687	742255.43	6945794.56	742255.43	6945786.97
838888	7548	2107974687	742255.43	6945794.56	742255.43	6945786.97
838896	7548	2107974687	742255.43	6945794.56	742255.43	6945786.97
838900	7548	2107974687	742255.43	6945794.56	742255.43	6945786.97
838918	7548	2107974687	742255.43	6945794.56	742255.43	6945786.97
838934	7548	2107974687	742255.43	6945794.56	742255.43	6945786.97
838942	7548	2107974687	742255.43	6945794.56	742255.43	6945786.97
838950	7548	2107974687	742255.43	6945794.56	742255.43	6945786.97
838969	7548	2107974687	742255.43	6945794.56	742255.43	6945786.97
838977	7548	2107974687	742255.43	6945794.56	742255.43	6945786.97
838985	7548	2107974687	742255.43	6945794.56	742255.43	6945786.97
838993	7548	2107974687	742255.43	6945794.56	742255.43	6945786.97
839000	71531	2108003452	742264.16	6945766.62	742277.8	6945764.23
839019	71531	2108003452	742264.16	6945766.62	742277.8	6945764.23
839027	71531	2108003452	742264.16	6945766.62	742277.8	6945764.23
839035	71531	2108003452	742264.16	6945766.62	742277.8	6945764.23
839043	71531	2108003452	742264.16	6945766.62	742277.8	6945764.23
839051	71531	2108003452	742264.16	6945766.62	742277.8	6945764.23
839060	71531	2108003452	742264.16	6945766.62	742277.8	6945764.23
839078	71531	2108003452	742264.16	6945766.62	742277.8	6945764.23
839086	71531	2108003452	742264.16	6945766.62	742277.8	6945764.23
839094	71531	2108003452	742264.16	6945766.62	742277.8	6945764.23
839108	71531	2108003452	742264.16	6945766.62	742277.8	6945764.23
839116	71531	2108003452	742264.16	6945766.62	742277.8	6945764.23
839132	71531	2108003452	742264.16	6945766.62	742277.8	6945764.23
839140	71531	2108003452	742264.16	6945766.62	742277.8	6945764.23
839159	71531	2108003452	742264.16	6945766.62	742277.8	6945764.23
839167	71531	2108003452	742264.16	6945766.62	742277.8	6945764.23
839175	71531	2108003452	742264.16	6945766.62	742277.8	6945764.23
839183	71531	2108003452	742264.16	6945766.62	742277.8	6945764.23
839191	71531	2108003452	742264.16	6945766.62	742277.8	6945764.23
839205	5081	2108003400	742247.72	6945754.53	742256.22	6945756.23
839213	5081	2108003399	742247.83	6945745.45	742257.6	6945745.34
839230	18187	2108003310	742251.34	6945705.82	742260.05	6945704.15
839256	6870	2108003309	742291.8	6945703.78	742293.52	6945712.47
839264	6870	2108003308	742310.12	6945702.41	742309.09	6945712.3
839272	6870	2108003307	742322.85	6945703.7	742324.57	6945712.12
839280	5040	2108003256	742352.84	6945706.37	742352.06	6945721.2
839299	5040	2108003256	742352.84	6945706.37	742352.06	6945721.2
839302	5040	2108003256	742352.84	6945706.37	742352.06	6945721.2
839310	5040	2108003256	742352.84	6945706.37	742352.06	6945721.2
839337	5040	2108003256	742352.84	6945706.37	742352.06	6945721.2
839345	5040	2108003256	742352.84	6945706.37	742352.06	6945721.2
839353	5040	2108003256	742352.84	6945706.37	742352.06	6945721.2
839361	5040	2108003256	742352.84	6945706.37	742352.06	6945721.2
839370	5040	2108002427	742356.58	6945690.52	742357.47	6945678.71
839388	5040	2108002427	742356.58	6945690.52	742357.47	6945678.71
839396	5040	2108002427	742356.58	6945690.52	742357.47	6945678.71
839400	5040	2108002427	742356.58	6945690.52	742357.47	6945678.71
839418	5040	2108002427	742356.58	6945690.52	742357.47	6945678.71
839426	5040	2108002427	742356.58	6945690.52	742357.47	6945678.71
839434	5040	2108002427	742356.58	6945690.52	742357.47	6945678.71
839442	5040	2108002427	742356.58	6945690.52	742357.47	6945678.71
839450	5040	2108002427	742356.58	6945690.52	742357.47	6945678.71
839469	5040	2108002427	742356.58	6945690.52	742357.47	6945678.71
839477	5040	2108002427	742356.58	6945690.52	742357.47	6945678.71
839485	5040	2108002427	742356.58	6945690.52	742357.47	6945678.71
839493	5040	2108002427	742356.58	6945690.52	742357.47	6945678.71
839507	5040	2108002427	742356.58	6945690.52	742357.47	6945678.71
839515	5040	2108002427	742356.58	6945690.52	742357.47	6945678.71
839523	5040	2108002427	742356.58	6945690.52	742357.47	6945678.71
839531	5040	2108002427	742356.58	6945690.52	742357.47	6945678.71
839540	5040	2108002427	742356.58	6945690.52	742357.47	6945678.71
839558	5040	2108002427	742356.58	6945690.52	742357.47	6945678.71
839566	5040	2108002427	742356.58	6945690.52	742357.47	6945678.71
839574	5040	2108002427	742356.58	6945690.52	742357.47	6945678.71
839590	5040	2108002427	742356.58	6945690.52	742357.47	6945678.71
839604	5040	2108002460	742361.02	6945690.52	742363.33	6945677.02
839612	5040	2108002427	742356.58	6945690.52	742357.47	6945678.71
839620	5040	2108002427	742356.58	6945690.52	742357.47	6945678.71
839639	5040	2108002427	742356.58	6945690.52	742357.47	6945678.71
839647	5040	2108002427	742356.58	6945690.52	742357.47	6945678.71
839655	5040	2108002427	742356.58	6945690.52	742357.47	6945678.71
839663	5040	2108002460	742361.02	6945690.52	742363.33	6945677.02
839671	5040	2108002460	742361.02	6945690.52	742363.33	6945677.02
839680	5040	2108002427	742356.58	6945690.52	742357.47	6945678.71
839698	5040	2108002460	742361.02	6945690.52	742363.33	6945677.02
839701	5040	2108002460	742361.02	6945690.52	742363.33	6945677.02
839710	5040	2108002460	742361.02	6945690.52	742363.33	6945677.02
839728	5040	2108002460	742361.02	6945690.52	742363.33	6945677.02
839736	5040	2108002460	742361.02	6945690.52	742363.33	6945677.02
839744	5040	2108002460	742361.02	6945690.52	742363.33	6945677.02
839752	5040	2108002460	742361.02	6945690.52	742363.33	6945677.02
839760	5040	2108002460	742361.02	6945690.52	742363.33	6945677.02
839779	5040	2108002460	742361.02	6945690.52	742363.33	6945677.02
839787	5040	2108002460	742361.02	6945690.52	742363.33	6945677.02
839795	5040	2108002460	742361.02	6945690.52	742363.33	6945677.02
839817	5040	2108002460	742361.02	6945690.52	742363.33	6945677.02
839825	5040	2108002460	742361.02	6945690.52	742363.33	6945677.02
839833	5040	2108002460	742361.02	6945690.52	742363.33	6945677.02
839841	5040	2108002460	742361.02	6945690.52	742363.33	6945677.02
839850	5040	2108002460	742361.02	6945690.52	742363.33	6945677.02
839868	5040	2108002460	742361.02	6945690.52	742363.33	6945677.02
839876	5040	2108002460	742361.02	6945690.52	742363.33	6945677.02
839884	5040	2108002460	742361.02	6945690.52	742363.33	6945677.02
839892	5040	2108002460	742361.02	6945690.52	742363.33	6945677.02
839906	5040	2108002460	742361.02	6945690.52	742363.33	6945677.02
839914	5040	2108002460	742361.02	6945690.52	742363.33	6945677.02
839922	5040	2108002460	742361.02	6945690.52	742363.33	6945677.02
839930	5040	2108002460	742361.02	6945690.52	742363.33	6945677.02
839949	5040	2108003219	742352.7	6945690.25	742351.68	6945679.29
839957	5040	2108003219	742352.7	6945690.25	742351.68	6945679.29
839965	5040	2108003219	742352.7	6945690.25	742351.68	6945679.29
839973	5040	2108003219	742352.7	6945690.25	742351.68	6945679.29
839981	5040	2108003219	742352.7	6945690.25	742351.68	6945679.29
839990	5040	2108003219	742352.7	6945690.25	742351.68	6945679.29
840009	5040	2108003219	742352.7	6945690.25	742351.68	6945679.29
840017	5040	2108003219	742352.7	6945690.25	742351.68	6945679.29
840025	5040	2108003219	742352.7	6945690.25	742351.68	6945679.29
840033	5040	2108003219	742352.7	6945690.25	742351.68	6945679.29
840041	5040	2108003219	742352.7	6945690.25	742351.68	6945679.29
840050	5040	2108003219	742352.7	6945690.25	742351.68	6945679.29
840068	5040	2108003219	742352.7	6945690.25	742351.68	6945679.29
840076	5040	2108003219	742352.7	6945690.25	742351.68	6945679.29
840084	5040	2108003219	742352.7	6945690.25	742351.68	6945679.29
840092	5040	2108003219	742352.7	6945690.25	742351.68	6945679.29
840106	5040	2108003219	742352.7	6945690.25	742351.68	6945679.29
840114	5040	2108003219	742352.7	6945690.25	742351.68	6945679.29
840122	5040	2108003219	742352.7	6945690.25	742351.68	6945679.29
840130	5040	2108003219	742352.7	6945690.25	742351.68	6945679.29
840149	5040	2108003219	742352.7	6945690.25	742351.68	6945679.29
840157	5040	2108003219	742352.7	6945690.25	742351.68	6945679.29
840165	5040	2108003219	742352.7	6945690.25	742351.68	6945679.29
840173	5040	2108003219	742352.7	6945690.25	742351.68	6945679.29
840181	5040	2108003219	742352.7	6945690.25	742351.68	6945679.29
840190	5040	2108003219	742352.7	6945690.25	742351.68	6945679.29
840203	5040	2108003219	742352.7	6945690.25	742351.68	6945679.29
840211	5040	2108003219	742352.7	6945690.25	742351.68	6945679.29
840220	5040	2108003219	742352.7	6945690.25	742351.68	6945679.29
840238	5040	2108003219	742352.7	6945690.25	742351.68	6945679.29
840254	5040	2108003219	742352.7	6945690.25	742351.68	6945679.29
840262	5040	2108003219	742352.7	6945690.25	742351.68	6945679.29
840270	5040	2108003219	742352.7	6945690.25	742351.68	6945679.29
840289	5040	2108003219	742352.7	6945690.25	742351.68	6945679.29
840297	5040	2108003219	742352.7	6945690.25	742351.68	6945679.29
840300	6870	2108002248	742281.95	6945689.25	742285.51	6945675.39
840327	6870	2108002248	742281.95	6945689.25	742285.51	6945675.39
840335	6870	2108002248	742281.95	6945689.25	742285.51	6945675.39
840343	6870	2108002248	742281.95	6945689.25	742285.51	6945675.39
840351	6870	2108002248	742281.95	6945689.25	742285.51	6945675.39
840360	6870	2108002248	742281.95	6945689.25	742285.51	6945675.39
840378	6870	2108002248	742281.95	6945689.25	742285.51	6945675.39
840386	6870	2108002248	742281.95	6945689.25	742285.51	6945675.39
840394	6870	2108002248	742281.95	6945689.25	742285.51	6945675.39
840408	6870	2108002248	742281.95	6945689.25	742285.51	6945675.39
840416	6870	2108002248	742281.95	6945689.25	742285.51	6945675.39
840424	6870	2108002248	742281.95	6945689.25	742285.51	6945675.39
840432	6870	2108002248	742281.95	6945689.25	742285.51	6945675.39
840440	6870	2108002248	742281.95	6945689.25	742285.51	6945675.39
840459	6870	2108002248	742281.95	6945689.25	742285.51	6945675.39
840467	6870	2108002248	742281.95	6945689.25	742285.51	6945675.39
840475	6870	2108002248	742281.95	6945689.25	742285.51	6945675.39
840483	6870	2108002248	742281.95	6945689.25	742285.51	6945675.39
840491	6870	2108002248	742281.95	6945689.25	742285.51	6945675.39
840505	6870	2108002248	742281.95	6945689.25	742285.51	6945675.39
840513	6870	2108002248	742281.95	6945689.25	742285.51	6945675.39
840521	6870	2108002248	742281.95	6945689.25	742285.51	6945675.39
840530	6870	2108002248	742281.95	6945689.25	742285.51	6945675.39
840548	6870	2108002248	742281.95	6945689.25	742285.51	6945675.39
840556	6870	2108002248	742281.95	6945689.25	742285.51	6945675.39
840564	6870	2108002248	742281.95	6945689.25	742285.51	6945675.39
840572	6870	2108002248	742281.95	6945689.25	742285.51	6945675.39
840580	6870	2108002248	742281.95	6945689.25	742285.51	6945675.39
840599	6870	2108002248	742281.95	6945689.25	742285.51	6945675.39
840602	6870	2108002248	742281.95	6945689.25	742285.51	6945675.39
840610	6870	2108002248	742281.95	6945689.25	742285.51	6945675.39
840629	6870	2108002248	742281.95	6945689.25	742285.51	6945675.39
840637	6870	2108002248	742281.95	6945689.25	742285.51	6945675.39
840645	6870	2108002248	742281.95	6945689.25	742285.51	6945675.39
840653	6870	2108002248	742281.95	6945689.25	742285.51	6945675.39
840661	6870	2108002248	742281.95	6945689.25	742285.51	6945675.39
840670	6870	2108002248	742281.95	6945689.25	742285.51	6945675.39
840688	6870	2108002248	742281.95	6945689.25	742285.51	6945675.39
840696	6870	2108002248	742281.95	6945689.25	742285.51	6945675.39
840700	6870	2108002248	742281.95	6945689.25	742285.51	6945675.39
840718	6870	2108002248	742281.95	6945689.25	742285.51	6945675.39
840726	6870	2108002248	742281.95	6945689.25	742285.51	6945675.39
840734	6870	2108002248	742281.95	6945689.25	742285.51	6945675.39
840742	6870	2108002248	742281.95	6945689.25	742285.51	6945675.39
840750	6870	2108002287	742312.43	6945689.01	742311.27	6945676.4
840769	6870	2108002287	742312.43	6945689.01	742311.27	6945676.4
840777	6870	2108002287	742312.43	6945689.01	742311.27	6945676.4
840785	6870	2108002287	742312.43	6945689.01	742311.27	6945676.4
840793	6870	2108002287	742312.43	6945689.01	742311.27	6945676.4
840807	6870	2108002287	742312.43	6945689.01	742311.27	6945676.4
840815	6870	2108002248	742281.95	6945689.25	742285.51	6945675.39
840823	6870	2108002287	742312.43	6945689.01	742311.27	6945676.4
840831	6870	2108002287	742312.43	6945689.01	742311.27	6945676.4
840840	6870	2108002287	742312.43	6945689.01	742311.27	6945676.4
840858	6870	2108002287	742312.43	6945689.01	742311.27	6945676.4
840866	6870	2108002287	742312.43	6945689.01	742311.27	6945676.4
840874	6870	2108002287	742312.43	6945689.01	742311.27	6945676.4
840882	6870	2108002287	742312.43	6945689.01	742311.27	6945676.4
840890	6870	2108002287	742312.43	6945689.01	742311.27	6945676.4
840904	6870	2108002287	742312.43	6945689.01	742311.27	6945676.4
840912	6870	2108002287	742312.43	6945689.01	742311.27	6945676.4
840920	6870	2108002287	742312.43	6945689.01	742311.27	6945676.4
840939	6870	2108002287	742312.43	6945689.01	742311.27	6945676.4
840947	6870	2108002287	742312.43	6945689.01	742311.27	6945676.4
840955	6870	2108002287	742312.43	6945689.01	742311.27	6945676.4
840963	6870	2108002287	742312.43	6945689.01	742311.27	6945676.4
840971	6870	2108002287	742312.43	6945689.01	742311.27	6945676.4
840980	6870	2108002287	742312.43	6945689.01	742311.27	6945676.4
840998	6870	2108002287	742312.43	6945689.01	742311.27	6945676.4
841005	6870	2108002287	742312.43	6945689.01	742311.27	6945676.4
841013	6870	2108002287	742312.43	6945689.01	742311.27	6945676.4
841021	6870	2108002287	742312.43	6945689.01	742311.27	6945676.4
841030	6870	2108002287	742312.43	6945689.01	742311.27	6945676.4
841048	6870	2108002395	742315.45	6945689.01	742315.98	6945677.46
841056	6870	2108002395	742315.45	6945689.01	742315.98	6945677.46
841064	6870	2108002395	742315.45	6945689.01	742315.98	6945677.46
841072	6870	2108002395	742315.45	6945689.01	742315.98	6945677.46
841102	6870	2108002395	742315.45	6945689.01	742315.98	6945677.46
841110	6870	2108002395	742315.45	6945689.01	742315.98	6945677.46
841129	6870	2108002395	742315.45	6945689.01	742315.98	6945677.46
841137	6870	2108002395	742315.45	6945689.01	742315.98	6945677.46
841145	6870	2108002395	742315.45	6945689.01	742315.98	6945677.46
841153	6870	2108002395	742315.45	6945689.01	742315.98	6945677.46
841161	6870	2108002395	742315.45	6945689.01	742315.98	6945677.46
841170	6870	2108002395	742315.45	6945689.01	742315.98	6945677.46
841188	6870	2108002395	742315.45	6945689.01	742315.98	6945677.46
841196	6870	2108002395	742315.45	6945689.01	742315.98	6945677.46
841200	6870	2108002395	742315.45	6945689.01	742315.98	6945677.46
841218	6870	2108002395	742315.45	6945689.01	742315.98	6945677.46
841226	6870	2108002395	742315.45	6945689.01	742315.98	6945677.46
841234	7559	2108012336	742253.63	6945667.92	742266.05	6945668.4
841242	7559	2108012336	742253.63	6945667.92	742266.05	6945668.4
841250	7559	2108012336	742253.63	6945667.92	742266.05	6945668.4
841269	7559	2108012336	742253.63	6945667.92	742266.05	6945668.4
841277	7559	2108012336	742253.63	6945667.92	742266.05	6945668.4
841285	7559	2108012336	742253.63	6945667.92	742266.05	6945668.4
841293	7559	2108012336	742253.63	6945667.92	742266.05	6945668.4
841307	7559	2108012336	742253.63	6945667.92	742266.05	6945668.4
841315	7559	2108012336	742253.63	6945667.92	742266.05	6945668.4
841323	7559	2108012336	742253.63	6945667.92	742266.05	6945668.4
841331	7559	2108012336	742253.63	6945667.92	742266.05	6945668.4
841340	7559	2108012336	742253.63	6945667.92	742266.05	6945668.4
841358	71595	2108002165	742268.53	6945645.05	742280.54	6945642.86
841366	71595	2108002165	742268.53	6945645.05	742280.54	6945642.86
841374	71595	2108002165	742268.53	6945645.05	742280.54	6945642.86
841382	71595	2108002165	742268.53	6945645.05	742280.54	6945642.86
841390	71595	2108002165	742268.53	6945645.05	742280.54	6945642.86
841404	71595	2108002165	742268.53	6945645.05	742280.54	6945642.86
841412	71595	2108002165	742268.53	6945645.05	742280.54	6945642.86
841420	71595	2108002165	742268.53	6945645.05	742280.54	6945642.86
841447	71595	2108002165	742268.53	6945645.05	742280.54	6945642.86
841455	71595	2108002165	742268.53	6945645.05	742280.54	6945642.86
841463	71595	2108002165	742268.53	6945645.05	742280.54	6945642.86
841471	71595	2108002165	742268.53	6945645.05	742280.54	6945642.86
841498	7125	2108002164	742258.99	6945626.85	742267.83	6945628.99
841510	7125	2108002162	742266.86	6945613.35	742275.11	6945613.45
841536	7125	2108002099	742252.19	6945606.07	742263.36	6945604.32
841544	7125	2108002099	742252.19	6945606.07	742263.36	6945604.32
841552	7125	2108002099	742252.19	6945606.07	742263.36	6945604.32
841560	7125	2108002099	742252.19	6945606.07	742263.36	6945604.32
841579	7125	2108002099	742252.19	6945606.07	742263.36	6945604.32
841587	7125	2108002099	742252.19	6945606.07	742263.36	6945604.32
841595	7125	2108002099	742252.19	6945606.07	742263.36	6945604.32
841609	7125	2108002099	742252.19	6945606.07	742263.36	6945604.32
841617	7125	2108002099	742252.19	6945606.07	742263.36	6945604.32
841625	7125	2108002099	742252.19	6945606.07	742263.36	6945604.32
841633	7125	2108002099	742252.19	6945606.07	742263.36	6945604.32
841641	7125	2108002099	742252.19	6945606.07	742263.36	6945604.32
841650	7125	2108002099	742252.19	6945606.07	742263.36	6945604.32
841668	7125	2108002099	742252.19	6945606.07	742263.36	6945604.32
841676	7125	2108002099	742252.19	6945606.07	742263.36	6945604.32
841684	7125	2108002099	742252.19	6945606.07	742263.36	6945604.32
841692	7125	2108002099	742252.19	6945606.07	742263.36	6945604.32
841706	7125	2108002099	742252.19	6945606.07	742263.36	6945604.32
841714	7125	2108002099	742252.19	6945606.07	742263.36	6945604.32
841722	7125	2108002099	742252.19	6945606.07	742263.36	6945604.32
841730	7125	2108002099	742252.19	6945606.07	742263.36	6945604.32
841749	7962	2107993930	742289.84	6945591.77	742291.36	6945603.63
841757	7962	2107993930	742289.84	6945591.77	742291.36	6945603.63
841765	7962	2107993930	742289.84	6945591.77	742291.36	6945603.63
841773	71528	2107993931	742315.02	6945595.18	742313.34	6945600.66
841781	71528	2107993931	742315.02	6945595.18	742313.34	6945600.66
841790	71528	2107993931	742315.02	6945595.18	742313.34	6945600.66
841811	71528	2107993931	742315.02	6945595.18	742313.34	6945600.66
841820	71528	2107993931	742315.02	6945595.18	742313.34	6945600.66
841838	71528	2107993931	742315.02	6945595.18	742313.34	6945600.66
841846	71528	2107993931	742315.02	6945595.18	742313.34	6945600.66
841854	71528	2107993931	742315.02	6945595.18	742313.34	6945600.66
841889	71528	2107993931	742315.02	6945595.18	742313.34	6945600.66
841897	71528	2107993931	742315.02	6945595.18	742313.34	6945600.66
841900	71528	2107993931	742315.02	6945595.18	742313.34	6945600.66
841919	71528	2107993931	742315.02	6945595.18	742313.34	6945600.66
841927	71528	2107993931	742315.02	6945595.18	742313.34	6945600.66
841935	71528	2107993931	742315.02	6945595.18	742313.34	6945600.66
841943	71528	2107993931	742315.02	6945595.18	742313.34	6945600.66
841951	71528	2107993931	742315.02	6945595.18	742313.34	6945600.66
841960	71528	2107993931	742315.02	6945595.18	742313.34	6945600.66
841978	71528	2107993931	742315.02	6945595.18	742313.34	6945600.66
841986	71528	2107993931	742315.02	6945595.18	742313.34	6945600.66
842001	71528	2107993931	742315.02	6945595.18	742313.34	6945600.66
842010	71528	2107993931	742315.02	6945595.18	742313.34	6945600.66
842028	71528	2107993931	742315.02	6945595.18	742313.34	6945600.66
842036	71528	2107993931	742315.02	6945595.18	742313.34	6945600.66
842044	71528	2107993931	742315.02	6945595.18	742313.34	6945600.66
842052	71528	2107993931	742315.02	6945595.18	742313.34	6945600.66
842060	71528	2107993931	742315.02	6945595.18	742313.34	6945600.66
842079	71528	2107994073	742308.29	6945593.99	742306.88	6945602.04
842087	71528	2107994073	742308.29	6945593.99	742306.88	6945602.04
842095	71528	2107994073	742308.29	6945593.99	742306.88	6945602.04
842109	71528	2107994073	742308.29	6945593.99	742306.88	6945602.04
842117	71528	2107994073	742308.29	6945593.99	742306.88	6945602.04
842125	71528	2107994073	742308.29	6945593.99	742306.88	6945602.04
842133	71528	2107994073	742308.29	6945593.99	742306.88	6945602.04
842141	71528	2107994073	742308.29	6945593.99	742306.88	6945602.04
842150	71528	2107994073	742308.29	6945593.99	742306.88	6945602.04
842168	71528	2107994073	742308.29	6945593.99	742306.88	6945602.04
842176	71528	2107994073	742308.29	6945593.99	742306.88	6945602.04
842184	71528	2107994073	742308.29	6945593.99	742306.88	6945602.04
842192	71528	2107994073	742308.29	6945593.99	742306.88	6945602.04
842206	71528	2107994073	742308.29	6945593.99	742306.88	6945602.04
842222	7962	2107994109	742357.45	6945617.3	742355.04	6945617.16
842230	7962	2107994133	742346.26	6945621.55	742347.21	6945615.62
842249	7962	2107994134	742341.36	6945621.69	742340.55	6945614.75
842257	7962	2107994135	742334.41	6945622.42	742333.09	6945616.21
842265	7962	2107994136	742326.73	6945622.94	742327.87	6945617.71
842273	7962	2107994137	742318.6	6945620.72	742318.44	6945616.3
842281	7962	2107994138	742312.54	6945617.67	742312.83	6945616.13
842290	7962	2107994139	742305.81	6945618.77	742304.85	6945614.45
842303	7962	2107994140	742294.47	6945621.11	742293.45	6945616.6
842338	7962	2107994202	742323.66	6945631.02	742324.58	6945635.77
842346	7962	2107994203	742332.77	6945628.42	742331.76	6945632.69
842354	7962	2107994204	742339.75	6945628.97	742338.31	6945633.38
842362	7962	2107994205	742363.96	6945630.58	742357.2	6945634.65
842370	7962	2107994207	742367.25	6945636.21	742362.13	6945639.07
842389	7962	2107994208	742361.18	6945643.64	742354.03	6945642.36
842400	7962	2107994209	742359.87	6945652.71	742358.92	6945650.81
842419	7962	2107994267	742350.05	6945653.04	742351.58	6945651.5
842435	7962	2107994265	742335.66	6945647.06	742335.61	6945641.47
842443	7962	2107994264	742329.89	6945651.82	742328.49	6945645.57
842451	7962	2107994263	742319.37	6945651.82	742320.77	6945646.72
842460	7962	2107994262	742312.91	6945650.91	742313.96	6945644.66
842478	7962	2107994261	742300.87	6945649.76	742299.87	6945642.45
842494	7962	2107994235	742369.6	6945660.58	742368.6	6945666.46
842508	7962	2107994234	742378.08	6945645.1	742383.42	6945641.3
842516	7962	2107994206	742372.3	6945629.26	742378.81	6945627.88
842524	7962	2107994132	742367.98	6945615.19	742374.05	6945612.41
842532	7962	2107994108	742370.25	6945589.68	742371.86	6945595.39
842540	5047	2107994273	742379.86	6945591.62	742380.27	6945599.39
842575	5047	2107994274	742401.5	6945591.92	742401.66	6945603.46
842583	5047	2107994274	742401.5	6945591.92	742401.66	6945603.46
842591	5047	2107994274	742401.5	6945591.92	742401.66	6945603.46
842605	5047	2107994274	742401.5	6945591.92	742401.66	6945603.46
842613	5047	2107994274	742401.5	6945591.92	742401.66	6945603.46
842621	5047	2107994274	742401.5	6945591.92	742401.66	6945603.46
842630	5047	2107994274	742401.5	6945591.92	742401.66	6945603.46
842648	5047	2107994274	742401.5	6945591.92	742401.66	6945603.46
842656	5047	2107994274	742401.5	6945591.92	742401.66	6945603.46
842664	5047	2107994274	742401.5	6945591.92	742401.66	6945603.46
842672	5047	2107994274	742401.5	6945591.92	742401.66	6945603.46
842680	5047	2107994274	742401.5	6945591.92	742401.66	6945603.46
842699	5047	2107994274	742401.5	6945591.92	742401.66	6945603.46
842702	5047	2107994274	742401.5	6945591.92	742401.66	6945603.46
842710	5047	2107994274	742401.5	6945591.92	742401.66	6945603.46
842729	5047	2107994274	742401.5	6945591.92	742401.66	6945603.46
842737	5047	2107994274	742401.5	6945591.92	742401.66	6945603.46
842745	5047	2107994274	742401.5	6945591.92	742401.66	6945603.46
842753	5047	2107994274	742401.5	6945591.92	742401.66	6945603.46
842761	5047	2107994274	742401.5	6945591.92	742401.66	6945603.46
842770	5047	2107994274	742401.5	6945591.92	742401.66	6945603.46
842788	5047	2107994274	742401.5	6945591.92	742401.66	6945603.46
842796	5047	2107994274	742401.5	6945591.92	742401.66	6945603.46
842800	5047	2107994274	742401.5	6945591.92	742401.66	6945603.46
842818	5047	2107994274	742401.5	6945591.92	742401.66	6945603.46
842826	5047	2107994274	742401.5	6945591.92	742401.66	6945603.46
842834	5047	2107994274	742401.5	6945591.92	742401.66	6945603.46
842842	5047	2107994274	742401.5	6945591.92	742401.66	6945603.46
842850	5047	2107994274	742401.5	6945591.92	742401.66	6945603.46
842869	5047	2107994274	742401.5	6945591.92	742401.66	6945603.46
842877	5047	2107994274	742401.5	6945591.92	742401.66	6945603.46
842885	5047	2107994274	742401.5	6945591.92	742401.66	6945603.46
842893	5047	2107994274	742401.5	6945591.92	742401.66	6945603.46
842907	5047	2107994274	742401.5	6945591.92	742401.66	6945603.46
842915	5047	2107994274	742401.5	6945591.92	742401.66	6945603.46
842931	8155	2107995073	742428.21	6945604.84	742418.84	6945606.77
842940	8155	2107995073	742428.21	6945604.84	742418.84	6945606.77
842958	8155	2107995073	742428.21	6945604.84	742418.84	6945606.77
842966	8155	2107995073	742428.21	6945604.84	742418.84	6945606.77
842974	8155	2107995075	742430.37	6945626.81	742421.02	6945628.47
842982	8155	2107995075	742430.37	6945626.81	742421.02	6945628.47
842990	8155	2107995095	742429.28	6945634.75	742419.97	6945636.93
843008	8155	2107974646	742429.61	6945639.19	742418.78	6945639.71
843016	8155	2107974645	742429.34	6945642.1	742418.18	6945642.48
843040	18195	2107974641	742430.61	6945676.47	742414.83	6945680.29
843067	18195	2107975856	742433.61	6945709.96	742420.49	6945713.17
843075	18195	2107975855	742430.66	6945718.85	742420.02	6945718.31
843083	18195	2107975855	742430.66	6945718.85	742420.02	6945718.31
843164	18195	2107975854	742449.27	6945730.42	742460.8	6945730.79
843199	18195	2107974642	742447.01	6945665.89	742461.26	6945668.61
843210	8155	2107995096	742456.49	6945623.89	742463.88	6945623.29
843237	8155	2107995072	742454.08	6945592.19	742454.94	6945600.78
843245	8155	2107995098	742462.55	6945592.42	742461.34	6945603.34
843261	8155	2107970539	742477.42	6945619.23	742466.81	6945618.91
843270	8155	2107969566	742491.15	6945635.9	742481.24	6945635.78
843288	5021	2107970538	742495.23	6945676.25	742482.41	6945678.87
843296	5021	2107969564	742497.12	6945701.3	742490.15	6945702.54
843334	5021	2107969563	742501.33	6945754.16	742489.09	6945752.74
843350	5021	2107970537	742503.05	6945762.86	742491.34	6945764.2
843369	5021	2107970537	742503.05	6945762.86	742491.34	6945764.2
843377	5021	2107969562	742503.31	6945770.89	742490.63	6945769.67
843385	5021	2107969562	742503.31	6945770.89	742490.63	6945769.67
843393	5021	2107970534	742504.86	6945777.62	742494.51	6945775.07
843407	5021	2107969559	742506.37	6945781.74	742493.84	6945782.05
843423	5021	2107969559	742506.37	6945781.74	742493.84	6945782.05
843431	5021	2107969559	742506.37	6945781.74	742493.84	6945782.05
843440	7377	2107979920	742501.16	6945848.88	742489.82	6945849.02
843458	71971	2107979921	742485.11	6945861.73	742471.73	6945859.4
843466	71971	2107979921	742485.11	6945861.73	742471.73	6945859.4
843474	71971	2107979921	742485.11	6945861.73	742471.73	6945859.4
843482	71971	2107979921	742485.11	6945861.73	742471.73	6945859.4
843490	71971	2107979921	742485.11	6945861.73	742471.73	6945859.4
843504	71971	2107979921	742485.11	6945861.73	742471.73	6945859.4
843520	71971	2107979921	742485.11	6945861.73	742471.73	6945859.4
843539	71971	2107979921	742485.11	6945861.73	742471.73	6945859.4
843547	71971	2107979921	742485.11	6945861.73	742471.73	6945859.4
843555	71971	2107979921	742485.11	6945861.73	742471.73	6945859.4
843571	71971	2107979921	742485.11	6945861.73	742471.73	6945859.4
843580	71971	2107979921	742485.11	6945861.73	742471.73	6945859.4
843598	71971	2107979921	742485.11	6945861.73	742471.73	6945859.4
843601	71971	2107979921	742485.11	6945861.73	742471.73	6945859.4
843628	71971	2107979921	742485.11	6945861.73	742471.73	6945859.4
843636	71971	2107979921	742485.11	6945861.73	742471.73	6945859.4
843644	71971	2107979921	742485.11	6945861.73	742471.73	6945859.4
843652	71971	2107979921	742485.11	6945861.73	742471.73	6945859.4
843660	71971	2107979921	742485.11	6945861.73	742471.73	6945859.4
843679	71971	2107979921	742485.11	6945861.73	742471.73	6945859.4
843687	71971	2107979921	742485.11	6945861.73	742471.73	6945859.4
843709	71971	2107979921	742485.11	6945861.73	742471.73	6945859.4
843717	71971	2107979921	742485.11	6945861.73	742471.73	6945859.4
843725	71971	2107979921	742485.11	6945861.73	742471.73	6945859.4
843733	71971	2107979921	742485.11	6945861.73	742471.73	6945859.4
843741	71971	2107979921	742485.11	6945861.73	742471.73	6945859.4
843750	71971	2107979921	742485.11	6945861.73	742471.73	6945859.4
843768	71971	2107979921	742485.11	6945861.73	742471.73	6945859.4
843776	71971	2107979921	742485.11	6945861.73	742471.73	6945859.4
843792	71415	2108299020	742496.58	6945898.79	742486.09	6945900.98
843806	71415	2108299020	742496.58	6945898.79	742486.09	6945900.98
843814	71415	2108299020	742496.58	6945898.79	742486.09	6945900.98
843822	71415	2108299020	742496.58	6945898.79	742486.09	6945900.98
843830	71415	2108299020	742496.58	6945898.79	742486.09	6945900.98
843849	71415	2108299020	742496.58	6945898.79	742486.09	6945900.98
843857	71415	2108299020	742496.58	6945898.79	742486.09	6945900.98
843865	71415	2108299020	742496.58	6945898.79	742486.09	6945900.98
843873	71415	2108299020	742496.58	6945898.79	742486.09	6945900.98
843881	71415	2108299020	742496.58	6945898.79	742486.09	6945900.98
843890	71415	2108299020	742496.58	6945898.79	742486.09	6945900.98
843903	71415	2108299020	742496.58	6945898.79	742486.09	6945900.98
843911	71415	2108299020	742496.58	6945898.79	742486.09	6945900.98
843920	71415	2108299020	742496.58	6945898.79	742486.09	6945900.98
843938	71415	2108299020	742496.58	6945898.79	742486.09	6945900.98
843946	71415	2108299020	742496.58	6945898.79	742486.09	6945900.98
843962	71415	2108299020	742496.58	6945898.79	742486.09	6945900.98
843970	71415	2108299020	742496.58	6945898.79	742486.09	6945900.98
843989	71415	2108299020	742496.58	6945898.79	742486.09	6945900.98
843997	71415	2108299020	742496.58	6945898.79	742486.09	6945900.98
844004	71415	2108299020	742496.58	6945898.79	742486.09	6945900.98
844012	71415	2108299020	742496.58	6945898.79	742486.09	6945900.98
844020	71415	2108299020	742496.58	6945898.79	742486.09	6945900.98
844039	71415	2108299020	742496.58	6945898.79	742486.09	6945900.98
844047	71415	2108299020	742496.58	6945898.79	742486.09	6945900.98
844055	71415	2108299020	742496.58	6945898.79	742486.09	6945900.98
844063	71415	2108299020	742496.58	6945898.79	742486.09	6945900.98
844071	71415	2108299020	742496.58	6945898.79	742486.09	6945900.98
844080	71415	2108299020	742496.58	6945898.79	742486.09	6945900.98
844098	71415	2108299020	742496.58	6945898.79	742486.09	6945900.98
844101	71415	2108299020	742496.58	6945898.79	742486.09	6945900.98
844110	71415	2108299020	742496.58	6945898.79	742486.09	6945900.98
844128	71415	2108299020	742496.58	6945898.79	742486.09	6945900.98
844136	71415	2108299020	742496.58	6945898.79	742486.09	6945900.98
844144	71415	2108299020	742496.58	6945898.79	742486.09	6945900.98
844152	71415	2108299020	742496.58	6945898.79	742486.09	6945900.98
844160	71415	2108299020	742496.58	6945898.79	742486.09	6945900.98
844179	71415	2108299020	742496.58	6945898.79	742486.09	6945900.98
844187	71415	2108299020	742496.58	6945898.79	742486.09	6945900.98
844195	71415	2108299020	742496.58	6945898.79	742486.09	6945900.98
844209	71415	2108299020	742496.58	6945898.79	742486.09	6945900.98
844217	71415	2108299020	742496.58	6945898.79	742486.09	6945900.98
844225	71415	2108299020	742496.58	6945898.79	742486.09	6945900.98
844233	71415	2108299020	742496.58	6945898.79	742486.09	6945900.98
844241	71415	2108299020	742496.58	6945898.79	742486.09	6945900.98
844250	16114	2108017400	742509.35	6945917.48	742497.61	6945915.97
844314	5018	2108300371	742512.84	6945966.33	742501.27	6945967.34
844322	5018	2108300371	742512.84	6945966.33	742501.27	6945967.34
844330	5018	2108300371	742512.84	6945966.33	742501.27	6945967.34
844349	5018	2108014915	742511.35	6945971.31	742503.5	6945972.86
844357	5018	2108014914	742512.11	6945982	742504.25	6945980.91
844365	5018	2108300383	742495.77	6945975.23	742485.21	6945975.42
844373	5018	2108014912	742512.72	6945993.37	742503.43	6945994.67
844381	5018	2108014912	742512.72	6945993.37	742503.43	6945994.67
844390	5018	2108014912	742512.72	6945993.37	742503.43	6945994.67
844420	73195	2108702365	742482.76	6946017.3	742469.57	6946014.93
844438	5018	2108014911	742512.26	6946065.64	742504.2	6946066.38
844446	5018	2108014910	742510.04	6946078.84	742498.2	6946077.64
844470	73075	2108708289	742308.51	6945933.04	742301.9	6945940.63
844489	7222	2108722885	742361.1	6945982.03	742351.85	6945992.06
844551	7775	2108039886	742370.49	6946046.08	742364.03	6946038.87
844616	8546	2108076775	742312.47	6946105.02	742305.48	6946097.51
844624	71402	2108038408	742298.62	6946117.28	742290.02	6946114.68
844632	71402	2108038408	742298.62	6946117.28	742290.02	6946114.68
844640	71402	2108038408	742298.62	6946117.28	742290.02	6946114.68
844659	71402	2108038408	742298.62	6946117.28	742290.02	6946114.68
844667	71402	2108038408	742298.62	6946117.28	742290.02	6946114.68
844675	71402	2108038408	742298.62	6946117.28	742290.02	6946114.68
844683	71402	2108038408	742298.62	6946117.28	742290.02	6946114.68
844691	71402	2108038408	742298.62	6946117.28	742290.02	6946114.68
844705	71402	2108038408	742298.62	6946117.28	742290.02	6946114.68
844713	71402	2108038408	742298.62	6946117.28	742290.02	6946114.68
844721	71402	2108038408	742298.62	6946117.28	742290.02	6946114.68
844730	71402	2108038408	742298.62	6946117.28	742290.02	6946114.68
844748	71402	2108038408	742298.62	6946117.28	742290.02	6946114.68
844756	71402	2108038408	742298.62	6946117.28	742290.02	6946114.68
844764	71402	2108038408	742298.62	6946117.28	742290.02	6946114.68
844780	71402	2108038408	742298.62	6946117.28	742290.02	6946114.68
844799	71402	2108038408	742298.62	6946117.28	742290.02	6946114.68
844802	71402	2108038408	742298.62	6946117.28	742290.02	6946114.68
844810	71402	2108038408	742298.62	6946117.28	742290.02	6946114.68
844829	71402	2108038408	742298.62	6946117.28	742290.02	6946114.68
844837	71402	2108038408	742298.62	6946117.28	742290.02	6946114.68
844845	71402	2108038408	742298.62	6946117.28	742290.02	6946114.68
844853	71402	2108038408	742298.62	6946117.28	742290.02	6946114.68
844861	71402	2108038408	742298.62	6946117.28	742290.02	6946114.68
844870	71402	2108038408	742298.62	6946117.28	742290.02	6946114.68
844888	71402	2108038408	742298.62	6946117.28	742290.02	6946114.68
844896	71402	2108038408	742298.62	6946117.28	742290.02	6946114.68
844900	71402	2108038408	742298.62	6946117.28	742290.02	6946114.68
844918	71402	2108038408	742298.62	6946117.28	742290.02	6946114.68
844926	71402	2108038408	742298.62	6946117.28	742290.02	6946114.68
844934	71402	2108038408	742298.62	6946117.28	742290.02	6946114.68
844942	71402	2108038408	742298.62	6946117.28	742290.02	6946114.68
844950	71402	2108038408	742298.62	6946117.28	742290.02	6946114.68
844977	16818	2108038405	742271.48	6946162.12	742262.8	6946157.69
844985	16818	2108038388	742264.52	6946172.01	742257.69	6946164.21
844993	7646	2108033823	742238.13	6946179.62	742251.89	6946177.84
845000	7646	2108033823	742238.13	6946179.62	742251.89	6946177.84
845019	7646	2108033823	742238.13	6946179.62	742251.89	6946177.84
845027	7646	2108033823	742238.13	6946179.62	742251.89	6946177.84
845035	7646	2108033823	742238.13	6946179.62	742251.89	6946177.84
845078	8546	2108038407	742298.22	6946150.06	742307.39	6946155.6
845086	8546	2108038968	742326.48	6946114.96	742329.66	6946121
845094	18184	2108038969	742347.3	6946128.72	742340.96	6946131.98
845108	18184	2108038970	742355.69	6946137.42	742350.47	6946143.53
845116	18184	2108038970	742355.69	6946137.42	742350.47	6946143.53
845124	18184	2108038970	742355.69	6946137.42	742350.47	6946143.53
845132	18184	2108038970	742355.69	6946137.42	742350.47	6946143.53
845159	18184	2108038970	742355.69	6946137.42	742350.47	6946143.53
845167	18184	2108038970	742355.69	6946137.42	742350.47	6946143.53
845191	18184	2108038971	742362.91	6946128.72	742368.32	6946122.13
845264	72006	2108039890	742407.25	6946055.02	742397.93	6946059.85
845272	72006	2108039890	742407.25	6946055.02	742397.93	6946059.85
845280	72006	2108039890	742407.25	6946055.02	742397.93	6946059.85
845299	72006	2108039890	742407.25	6946055.02	742397.93	6946059.85
845302	72006	2108039890	742407.25	6946055.02	742397.93	6946059.85
845310	72006	2108039890	742407.25	6946055.02	742397.93	6946059.85
845329	72006	2108039890	742407.25	6946055.02	742397.93	6946059.85
845337	72006	2108039890	742407.25	6946055.02	742397.93	6946059.85
845345	72006	2108039890	742407.25	6946055.02	742397.93	6946059.85
845353	72006	2108039890	742407.25	6946055.02	742397.93	6946059.85
845361	72006	2108039890	742407.25	6946055.02	742397.93	6946059.85
845370	72006	2108039890	742407.25	6946055.02	742397.93	6946059.85
845388	72006	2108039890	742407.25	6946055.02	742397.93	6946059.85
845396	72006	2108039890	742407.25	6946055.02	742397.93	6946059.85
845400	72006	2108039890	742407.25	6946055.02	742397.93	6946059.85
845418	72006	2108039890	742407.25	6946055.02	742397.93	6946059.85
845426	72006	2108039890	742407.25	6946055.02	742397.93	6946059.85
845434	72006	2108039890	742407.25	6946055.02	742397.93	6946059.85
845442	72006	2108039890	742407.25	6946055.02	742397.93	6946059.85
845450	72006	2108039890	742407.25	6946055.02	742397.93	6946059.85
845469	72006	2108039890	742407.25	6946055.02	742397.93	6946059.85
845477	72006	2108039890	742407.25	6946055.02	742397.93	6946059.85
845485	72006	2108039890	742407.25	6946055.02	742397.93	6946059.85
845493	72006	2108039890	742407.25	6946055.02	742397.93	6946059.85
845507	7469	2107978944	742498.77	6946107.14	742505.17	6946099.42
845558	7469	2108033265	742478.81	6946080.39	742482.2	6946074.47
845566	7469	2108033264	742468.78	6946070.28	742475.41	6946065.88
845590	7775	2108039888	742400.3	6946002.48	742407.35	6945997.73
845639	7222	2108039902	742355.71	6945945.53	742363.95	6945938.36
845647	7222	2108039902	742355.71	6945945.53	742363.95	6945938.36
845655	7222	2108039902	742355.71	6945945.53	742363.95	6945938.36
845671	7222	2108039902	742355.71	6945945.53	742363.95	6945938.36
845680	7222	2108039902	742355.71	6945945.53	742363.95	6945938.36
845698	7222	2108039902	742355.71	6945945.53	742363.95	6945938.36
845701	5009	2108040996	742346.16	6945935.66	742354.13	6945926.32
845710	5009	2108040996	742346.16	6945935.66	742354.13	6945926.32
845728	5009	2108040996	742346.16	6945935.66	742354.13	6945926.32
845736	5009	2108040996	742346.16	6945935.66	742354.13	6945926.32
845744	5009	2108040996	742346.16	6945935.66	742354.13	6945926.32
845752	5009	2108040996	742346.16	6945935.66	742354.13	6945926.32
845760	5009	2108040996	742346.16	6945935.66	742354.13	6945926.32
845779	5009	2108040996	742346.16	6945935.66	742354.13	6945926.32
845787	5009	2108040996	742346.16	6945935.66	742354.13	6945926.32
845795	5009	2108040996	742346.16	6945935.66	742354.13	6945926.32
845809	5009	2108040996	742346.16	6945935.66	742354.13	6945926.32
845817	5009	2108040996	742346.16	6945935.66	742354.13	6945926.32
845825	5009	2108040996	742346.16	6945935.66	742354.13	6945926.32
845833	5009	2108040996	742346.16	6945935.66	742354.13	6945926.32
845841	5009	2108040996	742346.16	6945935.66	742354.13	6945926.32
845850	5009	2108040996	742346.16	6945935.66	742354.13	6945926.32
845868	5009	2108040996	742346.16	6945935.66	742354.13	6945926.32
845876	5009	2108040996	742346.16	6945935.66	742354.13	6945926.32
845884	5009	2108040996	742346.16	6945935.66	742354.13	6945926.32
845892	5009	2108040996	742346.16	6945935.66	742354.13	6945926.32
845906	5009	2108040996	742346.16	6945935.66	742354.13	6945926.32
845914	5009	2108040996	742346.16	6945935.66	742354.13	6945926.32
845922	5009	2108041003	742329	6945911.78	742334.37	6945904.58
845930	71395	2108041004	742318.98	6945896.21	742327.15	6945892.05
845957	71395	2108041004	742318.98	6945896.21	742327.15	6945892.05
845965	71395	2108041004	742318.98	6945896.21	742327.15	6945892.05
845973	71395	2108041004	742318.98	6945896.21	742327.15	6945892.05
845981	71395	2108041004	742318.98	6945896.21	742327.15	6945892.05
845990	71395	2108041004	742318.98	6945896.21	742327.15	6945892.05
846007	71395	2108041004	742318.98	6945896.21	742327.15	6945892.05
846015	71395	2108041004	742318.98	6945896.21	742327.15	6945892.05
846023	71395	2108041004	742318.98	6945896.21	742327.15	6945892.05
846031	71395	2108041004	742318.98	6945896.21	742327.15	6945892.05
846040	71395	2108041004	742318.98	6945896.21	742327.15	6945892.05
846058	71395	2108041004	742318.98	6945896.21	742327.15	6945892.05
846074	8461	2108041038	742288.65	6945867.2	742296.6	6945860.08
846082	8461	2108041038	742288.65	6945867.2	742296.6	6945860.08
846090	8461	2108041038	742288.65	6945867.2	742296.6	6945860.08
846104	8461	2108041038	742288.65	6945867.2	742296.6	6945860.08
846112	8461	2108041038	742288.65	6945867.2	742296.6	6945860.08
846120	8461	2108041038	742288.65	6945867.2	742296.6	6945860.08
846139	8461	2108041038	742288.65	6945867.2	742296.6	6945860.08
846147	8461	2108041038	742288.65	6945867.2	742296.6	6945860.08
846155	8461	2108041038	742288.65	6945867.2	742296.6	6945860.08
846163	8461	2108041038	742288.65	6945867.2	742296.6	6945860.08
846171	8461	2108041038	742288.65	6945867.2	742296.6	6945860.08
846180	71381	2107974693	742279.67	6945850.05	742282.5	6945838.02
846198	71381	2107974693	742279.67	6945850.05	742282.5	6945838.02
846201	71381	2107974693	742279.67	6945850.05	742282.5	6945838.02
846210	71381	2107974693	742279.67	6945850.05	742282.5	6945838.02
846228	71381	2107974693	742279.67	6945850.05	742282.5	6945838.02
846236	71381	2107974693	742279.67	6945850.05	742282.5	6945838.02
846244	71381	2107974693	742279.67	6945850.05	742282.5	6945838.02
846252	71381	2107974693	742279.67	6945850.05	742282.5	6945838.02
846260	71381	2107974693	742279.67	6945850.05	742282.5	6945838.02
846279	71381	2107974693	742279.67	6945850.05	742282.5	6945838.02
846287	71381	2107974693	742279.67	6945850.05	742282.5	6945838.02
846295	71381	2107974693	742279.67	6945850.05	742282.5	6945838.02
846309	71381	2107974693	742279.67	6945850.05	742282.5	6945838.02
846317	71381	2107974693	742279.67	6945850.05	742282.5	6945838.02
846325	71381	2107974693	742279.67	6945850.05	742282.5	6945838.02
846333	71381	2107974693	742279.67	6945850.05	742282.5	6945838.02
846341	71381	2107974693	742279.67	6945850.05	742282.5	6945838.02
846350	71381	2107974693	742279.67	6945850.05	742282.5	6945838.02
846368	71381	2107974693	742279.67	6945850.05	742282.5	6945838.02
846376	71381	2107974693	742279.67	6945850.05	742282.5	6945838.02
846384	71381	2107974693	742279.67	6945850.05	742282.5	6945838.02
846392	71381	2107974693	742279.67	6945850.05	742282.5	6945838.02
846406	71381	2107974693	742279.67	6945850.05	742282.5	6945838.02
846414	71381	2107974693	742279.67	6945850.05	742282.5	6945838.02
846422	71381	2107974693	742279.67	6945850.05	742282.5	6945838.02
846430	71381	2107974693	742279.67	6945850.05	742282.5	6945838.02
846449	71381	2107974693	742279.67	6945850.05	742282.5	6945838.02
846457	71381	2107974693	742279.67	6945850.05	742282.5	6945838.02
846465	71381	2107974693	742279.67	6945850.05	742282.5	6945838.02
846473	71381	2107974693	742279.67	6945850.05	742282.5	6945838.02
846481	71381	2107974699	742276.25	6945847.14	742278.48	6945836.83
846490	71381	2107974699	742276.25	6945847.14	742278.48	6945836.83
846503	71381	2107974699	742276.25	6945847.14	742278.48	6945836.83
846511	71381	2107974699	742276.25	6945847.14	742278.48	6945836.83
846520	71381	2107974699	742276.25	6945847.14	742278.48	6945836.83
846538	71381	2107974699	742276.25	6945847.14	742278.48	6945836.83
846546	71381	2107974699	742276.25	6945847.14	742278.48	6945836.83
846554	71381	2107974699	742276.25	6945847.14	742278.48	6945836.83
846562	71381	2107974699	742276.25	6945847.14	742278.48	6945836.83
846570	71381	2107974699	742276.25	6945847.14	742278.48	6945836.83
846589	71381	2107974699	742276.25	6945847.14	742278.48	6945836.83
846597	71381	2107974699	742276.25	6945847.14	742278.48	6945836.83
846600	71381	2107974699	742276.25	6945847.14	742278.48	6945836.83
846619	71381	2107974699	742276.25	6945847.14	742278.48	6945836.83
846627	71381	2107974699	742276.25	6945847.14	742278.48	6945836.83
846635	71410	2107974677	742308.27	6945832.88	742307.38	6945838.83
846643	71410	2107974677	742308.27	6945832.88	742307.38	6945838.83
846651	71410	2107974677	742308.27	6945832.88	742307.38	6945838.83
846660	71410	2107974677	742308.27	6945832.88	742307.38	6945838.83
846686	71410	2107974677	742308.27	6945832.88	742307.38	6945838.83
846694	71410	2107974677	742308.27	6945832.88	742307.38	6945838.83
846708	71410	2107974677	742308.27	6945832.88	742307.38	6945838.83
846716	71410	2107974677	742308.27	6945832.88	742307.38	6945838.83
846724	71410	2107974677	742308.27	6945832.88	742307.38	6945838.83
846732	71410	2107974677	742308.27	6945832.88	742307.38	6945838.83
846740	71410	2107974677	742308.27	6945832.88	742307.38	6945838.83
846759	71410	2107974677	742308.27	6945832.88	742307.38	6945838.83
846767	71410	2107974677	742308.27	6945832.88	742307.38	6945838.83
846775	71410	2107974677	742308.27	6945832.88	742307.38	6945838.83
846783	71410	2107974677	742308.27	6945832.88	742307.38	6945838.83
846791	71410	2107974677	742308.27	6945832.88	742307.38	6945838.83
846813	8154	2107974667	742334.56	6945853.5	742336.25	6945867.49
846830	8154	2107974668	742340.48	6945853.55	742340.31	6945864.94
846848	8154	2107974669	742347.85	6945848.29	742349.7	6945856.8
846856	8154	2107974669	742347.85	6945848.29	742349.7	6945856.8
846872	8154	2107974676	742352.42	6945847.74	742363.96	6945848.24
846910	8154	2107974664	742349.77	6945817.92	742351.02	6945829.51
846929	8154	2107974663	742356.01	6945817.55	742358.14	6945829.79
846937	8154	2107974662	742360.89	6945817.55	742363.76	6945829.29
846953	18511	2107975857	742388.74	6945843.58	742376.53	6945844.29
846970	18511	2107974649	742359.14	6945873.78	742364.26	6945884.27
846996	18511	2107974649	742359.14	6945873.78	742364.26	6945884.27
847020	18769	2107974655	742403.95	6945887.21	742394.08	6945890.33
847038	18769	2107974656	742403.99	6945896.08	742393.5	6945901.7
847119	18769	2107974659	742420.25	6945956.21	742409.18	6945959.54
847127	18769	2107974661	742430.6	6945972.17	742417.36	6945974.42
847143	18769	2107974660	742444.38	6945975.38	742455.29	6945972.79
847186	18769	2107974657	742430.6	6945926	742448.85	6945923.5
847321	10044	2107974627	742452.6	6945815.28	742452.76	6945828.54
847330	10044	2107974627	742452.6	6945815.28	742452.76	6945828.54
847348	10044	2107974627	742452.6	6945815.28	742452.76	6945828.54
847356	10044	2107974627	742452.6	6945815.28	742452.76	6945828.54
847364	10044	2107974627	742452.6	6945815.28	742452.76	6945828.54
847372	10044	2107974627	742452.6	6945815.28	742452.76	6945828.54
847380	10044	2107974627	742452.6	6945815.28	742452.76	6945828.54
847399	10044	2107974627	742452.6	6945815.28	742452.76	6945828.54
847402	10044	2107974627	742452.6	6945815.28	742452.76	6945828.54
847410	10044	2107974627	742452.6	6945815.28	742452.76	6945828.54
847437	10044	2107974625	742478.09	6945816.1	742480.22	6945829.6
847445	10044	2107974625	742478.09	6945816.1	742480.22	6945829.6
847453	10044	2107974625	742478.09	6945816.1	742480.22	6945829.6
847461	10044	2107974625	742478.09	6945816.1	742480.22	6945829.6
847470	10044	2107974625	742478.09	6945816.1	742480.22	6945829.6
847496	10044	2107974625	742478.09	6945816.1	742480.22	6945829.6
847518	10044	2107974625	742478.09	6945816.1	742480.22	6945829.6
847526	10044	2107974625	742478.09	6945816.1	742480.22	6945829.6
847534	10044	2107974625	742478.09	6945816.1	742480.22	6945829.6
847542	10044	2107974625	742478.09	6945816.1	742480.22	6945829.6
847550	10044	2107974625	742478.09	6945816.1	742480.22	6945829.6
847569	10044	2107974625	742478.09	6945816.1	742480.22	6945829.6
847577	10044	2107974625	742478.09	6945816.1	742480.22	6945829.6
847585	10044	2107974625	742478.09	6945816.1	742480.22	6945829.6
847593	10044	2107974625	742478.09	6945816.1	742480.22	6945829.6
847607	10044	2107974625	742478.09	6945816.1	742480.22	6945829.6
847615	10044	2107974625	742478.09	6945816.1	742480.22	6945829.6
847623	10044	2107974625	742478.09	6945816.1	742480.22	6945829.6
847631	10044	2107974625	742478.09	6945816.1	742480.22	6945829.6
847640	10044	2107974625	742478.09	6945816.1	742480.22	6945829.6
847658	10044	2107974625	742478.09	6945816.1	742480.22	6945829.6
847666	10044	2107974625	742478.09	6945816.1	742480.22	6945829.6
847674	10044	2107974625	742478.09	6945816.1	742480.22	6945829.6
847720	5017	2108088066	742466.23	6946254.3	742455.72	6946249.05
847763	5017	2108088064	742454.78	6946299.39	742446.68	6946298.3
847771	5017	9446774	742430.66	6946362.49	742421.75	6946357.95
848182	72054	2107979095	742361.95	6946290.16	742354.49	6946295.57
848190	8545	2107979096	742377.24	6946294.92	742371.75	6946301.54
848204	8545	2107979097	742384.44	6946299.89	742379.04	6946306.56
848212	8545	2107979098	742388.99	6946303.81	742384.75	6946311.83
848247	14372	2107979132	742434.7	6946336.3	742428.32	6946345.97
848255	14372	2107979132	742434.7	6946336.3	742428.32	6946345.97
848263	14372	2107979132	742434.7	6946336.3	742428.32	6946345.97
848271	14372	2107979132	742434.7	6946336.3	742428.32	6946345.97
848280	14372	2107979132	742434.7	6946336.3	742428.32	6946345.97
848298	14372	2107979132	742434.7	6946336.3	742428.32	6946345.97
848301	14372	2107979132	742434.7	6946336.3	742428.32	6946345.97
848310	14372	2107979132	742434.7	6946336.3	742428.32	6946345.97
848328	14372	2107979132	742434.7	6946336.3	742428.32	6946345.97
848336	14372	2107979132	742434.7	6946336.3	742428.32	6946345.97
848344	14372	2107979132	742434.7	6946336.3	742428.32	6946345.97
848352	14372	2107979132	742434.7	6946336.3	742428.32	6946345.97
848360	14372	2107979100	742443.29	6946314.44	742444.47	6946310.21
848379	14372	2107979101	742430.58	6946308.44	742436.73	6946301.54
848476	6074	2107979071	742383.29	6946251.73	742388.09	6946258.77
848484	6074	2107979071	742383.29	6946251.73	742388.09	6946258.77
848492	6074	2107979071	742383.29	6946251.73	742388.09	6946258.77
848514	6074	2107979071	742383.29	6946251.73	742388.09	6946258.77
848522	6074	2107979071	742383.29	6946251.73	742388.09	6946258.77
848530	6074	2107979071	742383.29	6946251.73	742388.09	6946258.77
848549	6074	2107979071	742383.29	6946251.73	742388.09	6946258.77
848557	6074	2107979071	742383.29	6946251.73	742388.09	6946258.77
848565	6074	2107979070	742394.58	6946243.17	742405.42	6946250.3
848573	6074	2107979067	742407.73	6946232.09	742412.52	6946238.32
848581	6074	2107979058	742412.54	6946228.66	742418.27	6946235.43
848620	7469	2107979038	742454.26	6946183.3	742458.73	6946190.2
848638	7469	2107979038	742454.26	6946183.3	742458.73	6946190.2
848646	7469	2107979038	742454.26	6946183.3	742458.73	6946190.2
848654	7469	2107979038	742454.26	6946183.3	742458.73	6946190.2
848662	7469	2107979038	742454.26	6946183.3	742458.73	6946190.2
848670	7469	2107979038	742454.26	6946183.3	742458.73	6946190.2
848689	7469	2107979038	742454.26	6946183.3	742458.73	6946190.2
848697	7469	2107979038	742454.26	6946183.3	742458.73	6946190.2
848700	7469	2107979038	742454.26	6946183.3	742458.73	6946190.2
848719	7469	2107979038	742454.26	6946183.3	742458.73	6946190.2
848727	7469	2107979038	742454.26	6946183.3	742458.73	6946190.2
848735	7469	2107979038	742454.26	6946183.3	742458.73	6946190.2
848743	7469	2108033271	742492.21	6946146.71	742489.5	6946152.77
848751	71965	2108304346	742474.14	6946110.4	742466.91	6946114.62
848760	71965	2108304346	742474.14	6946110.4	742466.91	6946114.62
848778	71965	2108304346	742474.14	6946110.4	742466.91	6946114.62
848786	71965	2108304346	742474.14	6946110.4	742466.91	6946114.62
848794	71965	2108304346	742474.14	6946110.4	742466.91	6946114.62
848808	71965	2108304346	742474.14	6946110.4	742466.91	6946114.62
848816	71965	2108304346	742474.14	6946110.4	742466.91	6946114.62
848832	71965	2108304346	742474.14	6946110.4	742466.91	6946114.62
848840	71965	2108304346	742474.14	6946110.4	742466.91	6946114.62
848859	71965	2108304346	742474.14	6946110.4	742466.91	6946114.62
848867	71965	2108304346	742474.14	6946110.4	742466.91	6946114.62
848875	71965	2108737255	742472.44	6946128.97	742463.44	6946129.27
848883	71965	2108304346	742474.14	6946110.4	742466.91	6946114.62
848891	71965	2108304346	742474.14	6946110.4	742466.91	6946114.62
848905	71965	2108737244	742477.88	6946116	742469.28	6946119.51
848913	71965	2108737244	742477.88	6946116	742469.28	6946119.51
848921	71965	2108737244	742477.88	6946116	742469.28	6946119.51
848930	71965	2108737244	742477.88	6946116	742469.28	6946119.51
848948	71965	2108737244	742477.88	6946116	742469.28	6946119.51
848956	71965	2108737244	742477.88	6946116	742469.28	6946119.51
848964	71965	2108737244	742477.88	6946116	742469.28	6946119.51
848972	71965	2108737244	742477.88	6946116	742469.28	6946119.51
848980	71965	2108737255	742472.44	6946128.97	742463.44	6946129.27
848999	71965	2108737255	742472.44	6946128.97	742463.44	6946129.27
849014	71965	2108737255	742472.44	6946128.97	742463.44	6946129.27
849022	71965	2108737255	742472.44	6946128.97	742463.44	6946129.27
849030	71965	2108737255	742472.44	6946128.97	742463.44	6946129.27
849049	71965	2108737255	742472.44	6946128.97	742463.44	6946129.27
849057	71965	2108737255	742472.44	6946128.97	742463.44	6946129.27
849065	71965	2108737255	742472.44	6946128.97	742463.44	6946129.27
849073	71965	2108737255	742472.44	6946128.97	742463.44	6946129.27
849081	71965	2108737255	742472.44	6946128.97	742463.44	6946129.27
849090	71965	2108737255	742472.44	6946128.97	742463.44	6946129.27
849103	71965	2108304346	742474.14	6946110.4	742466.91	6946114.62
849111	71965	2108737255	742472.44	6946128.97	742463.44	6946129.27
849120	71965	2108737255	742472.44	6946128.97	742463.44	6946129.27
849138	71965	2108304430	742462.01	6946135.79	742453.35	6946131.99
849146	71965	2108304430	742462.01	6946135.79	742453.35	6946131.99
849154	71965	2108304430	742462.01	6946135.79	742453.35	6946131.99
849162	71965	2108304430	742462.01	6946135.79	742453.35	6946131.99
849170	71965	2108304346	742474.14	6946110.4	742466.91	6946114.62
849197	7469	2108013594	742415.54	6946196.14	742405.09	6946189.24
849219	20496	2108038441	742352.41	6946174.1	742350.18	6946183.29
849227	20496	2108038441	742352.41	6946174.1	742350.18	6946183.29
849235	20496	2108038441	742352.41	6946174.1	742350.18	6946183.29
849243	20496	2108038441	742352.41	6946174.1	742350.18	6946183.29
849251	20496	2108038441	742352.41	6946174.1	742350.18	6946183.29
849260	20496	2108038441	742352.41	6946174.1	742350.18	6946183.29
849278	20496	2108038441	742352.41	6946174.1	742350.18	6946183.29
849286	20496	2108038441	742352.41	6946174.1	742350.18	6946183.29
849294	20496	2108038441	742352.41	6946174.1	742350.18	6946183.29
849308	20496	2108038441	742352.41	6946174.1	742350.18	6946183.29
849316	20496	2108038441	742352.41	6946174.1	742350.18	6946183.29
849324	20496	2108038441	742352.41	6946174.1	742350.18	6946183.29
849332	20496	2108038441	742352.41	6946174.1	742350.18	6946183.29
849340	20496	2108038441	742352.41	6946174.1	742350.18	6946183.29
849359	20496	2108038441	742352.41	6946174.1	742350.18	6946183.29
849367	20496	2108038441	742352.41	6946174.1	742350.18	6946183.29
849375	20496	2108038441	742352.41	6946174.1	742350.18	6946183.29
849383	20496	2108875363	742360.36	6946178.86	742365.19	6946188.33
849391	20496	2108875363	742360.36	6946178.86	742365.19	6946188.33
849405	20496	2108875363	742360.36	6946178.86	742365.19	6946188.33
849413	20496	2108875363	742360.36	6946178.86	742365.19	6946188.33
849421	20496	2108875363	742360.36	6946178.86	742365.19	6946188.33
849430	20496	2108875363	742360.36	6946178.86	742365.19	6946188.33
849448	20496	2108875363	742360.36	6946178.86	742365.19	6946188.33
849456	20496	2108875363	742360.36	6946178.86	742365.19	6946188.33
849464	20496	2108875363	742360.36	6946178.86	742365.19	6946188.33
849472	20496	2108875363	742360.36	6946178.86	742365.19	6946188.33
849480	20496	2108875363	742360.36	6946178.86	742365.19	6946188.33
849499	20496	2108875363	742360.36	6946178.86	742365.19	6946188.33
849502	20496	2108875363	742360.36	6946178.86	742365.19	6946188.33
849510	20496	2108875363	742360.36	6946178.86	742365.19	6946188.33
849537	20496	2108875363	742360.36	6946178.86	742365.19	6946188.33
849545	20496	2108875363	742360.36	6946178.86	742365.19	6946188.33
849553	20496	2108875363	742360.36	6946178.86	742365.19	6946188.33
849561	8546	2108038407	742298.22	6946150.06	742307.39	6946155.6
849570	8546	2108038407	742298.22	6946150.06	742307.39	6946155.6
849588	20496	2108038479	742341.16	6946173.96	742338.65	6946184.68
849596	20496	2108038479	742341.16	6946173.96	742338.65	6946184.68
849600	20496	2108038479	742341.16	6946173.96	742338.65	6946184.68
849618	20496	2108038479	742341.16	6946173.96	742338.65	6946184.68
849626	20496	2108038479	742341.16	6946173.96	742338.65	6946184.68
849634	20496	2108038479	742341.16	6946173.96	742338.65	6946184.68
849642	20496	2108038479	742341.16	6946173.96	742338.65	6946184.68
849650	20496	2108038479	742341.16	6946173.96	742338.65	6946184.68
849669	20496	2108038479	742341.16	6946173.96	742338.65	6946184.68
849677	20496	2108038479	742341.16	6946173.96	742338.65	6946184.68
849685	20496	2108038479	742341.16	6946173.96	742338.65	6946184.68
849693	20496	2108038479	742341.16	6946173.96	742338.65	6946184.68
849707	20496	2108038479	742341.16	6946173.96	742338.65	6946184.68
849715	20496	2108038479	742341.16	6946173.96	742338.65	6946184.68
849723	20496	2108038479	742341.16	6946173.96	742338.65	6946184.68
849731	20496	2108038479	742341.16	6946173.96	742338.65	6946184.68
849740	20496	2108038479	742341.16	6946173.96	742338.65	6946184.68
849758	20496	2108313414	742336.44	6946173.83	742334.58	6946181.55
849766	20496	2108313414	742336.44	6946173.83	742334.58	6946181.55
849774	20496	2108313414	742336.44	6946173.83	742334.58	6946181.55
849782	20496	2108313414	742336.44	6946173.83	742334.58	6946181.55
849804	20496	2108313414	742336.44	6946173.83	742334.58	6946181.55
849812	20496	2108313414	742336.44	6946173.83	742334.58	6946181.55
849820	20496	2108313414	742336.44	6946173.83	742334.58	6946181.55
849839	20496	2108313414	742336.44	6946173.83	742334.58	6946181.55
849847	20496	2108313414	742336.44	6946173.83	742334.58	6946181.55
849855	20496	2108313414	742336.44	6946173.83	742334.58	6946181.55
849863	20496	2108313414	742336.44	6946173.83	742334.58	6946181.55
849871	20496	2108313414	742336.44	6946173.83	742334.58	6946181.55
849880	20496	2108313414	742336.44	6946173.83	742334.58	6946181.55
849898	20496	2108313414	742336.44	6946173.83	742334.58	6946181.55
849901	20496	2108313414	742336.44	6946173.83	742334.58	6946181.55
849910	20496	2108313414	742336.44	6946173.83	742334.58	6946181.55
849928	20496	2108313414	742336.44	6946173.83	742334.58	6946181.55
849936	20496	2108038466	742345.89	6946172.15	742344.48	6946180.8
849944	20496	2108038466	742345.89	6946172.15	742344.48	6946180.8
849952	20496	2108038466	742345.89	6946172.15	742344.48	6946180.8
849960	20496	2108038466	742345.89	6946172.15	742344.48	6946180.8
849979	20496	2108038466	742345.89	6946172.15	742344.48	6946180.8
849987	20496	2108038466	742345.89	6946172.15	742344.48	6946180.8
850004	20496	2108038466	742345.89	6946172.15	742344.48	6946180.8
850012	20496	2108038466	742345.89	6946172.15	742344.48	6946180.8
850020	20496	2108038466	742345.89	6946172.15	742344.48	6946180.8
850039	20496	2108038466	742345.89	6946172.15	742344.48	6946180.8
850047	20496	2108038466	742345.89	6946172.15	742344.48	6946180.8
850055	20496	2108038466	742345.89	6946172.15	742344.48	6946180.8
850063	20496	2108038466	742345.89	6946172.15	742344.48	6946180.8
850071	20496	2108038466	742345.89	6946172.15	742344.48	6946180.8
850080	20496	2108038466	742345.89	6946172.15	742344.48	6946180.8
850098	20496	2108038466	742345.89	6946172.15	742344.48	6946180.8
850101	6074	2107979068	742378.4	6946233.86	742370.11	6946223.84
850110	6074	2107979068	742378.4	6946233.86	742370.11	6946223.84
850128	6074	2107979068	742378.4	6946233.86	742370.11	6946223.84
850136	6074	2107979068	742378.4	6946233.86	742370.11	6946223.84
850144	6074	2107979068	742378.4	6946233.86	742370.11	6946223.84
850152	6074	2107979068	742378.4	6946233.86	742370.11	6946223.84
850160	6074	2107979068	742378.4	6946233.86	742370.11	6946223.84
850179	6074	2107979068	742378.4	6946233.86	742370.11	6946223.84
850187	6074	2107979068	742378.4	6946233.86	742370.11	6946223.84
850195	6074	2107979069	742373.31	6946236.89	742367.21	6946231.34
850209	14473	2108014498	742344.45	6946249.74	742354.77	6946239.45
850217	19025	2108014501	742313.88	6946258.75	742308.91	6946270.68
850225	19025	2108014501	742313.88	6946258.75	742308.91	6946270.68
850233	19025	2108014501	742313.88	6946258.75	742308.91	6946270.68
850241	19025	2108014501	742313.88	6946258.75	742308.91	6946270.68
850250	19025	2108014501	742313.88	6946258.75	742308.91	6946270.68
850268	19025	2108014501	742313.88	6946258.75	742308.91	6946270.68
850276	19025	2108014501	742313.88	6946258.75	742308.91	6946270.68
850284	19025	2108014501	742313.88	6946258.75	742308.91	6946270.68
850292	19025	2108014501	742313.88	6946258.75	742308.91	6946270.68
850306	19025	2108014501	742313.88	6946258.75	742308.91	6946270.68
850314	19025	2108014501	742313.88	6946258.75	742308.91	6946270.68
850322	19025	2108014501	742313.88	6946258.75	742308.91	6946270.68
850330	19025	2108014501	742313.88	6946258.75	742308.91	6946270.68
850349	19025	2108014501	742313.88	6946258.75	742308.91	6946270.68
850357	19025	2108014501	742313.88	6946258.75	742308.91	6946270.68
850365	19025	2108014501	742313.88	6946258.75	742308.91	6946270.68
850373	19025	2108014501	742313.88	6946258.75	742308.91	6946270.68
850381	14473	2108048134	742284.9	6946317.91	742279.92	6946312.35
850390	14473	2108048133	742269.73	6946340.42	742261.86	6946335.68
850489	7646	2108011462	742227.63	6946170.92	742231.78	6946161.7
850497	7646	2108011380	742219.23	6946163.12	742226.49	6946155.21
850500	7646	2108011380	742219.23	6946163.12	742226.49	6946155.21
850519	7646	2108011380	742219.23	6946163.12	742226.49	6946155.21
850527	7646	2108011380	742219.23	6946163.12	742226.49	6946155.21
850535	7646	2108011380	742219.23	6946163.12	742226.49	6946155.21
850543	7646	2108011380	742219.23	6946163.12	742226.49	6946155.21
850551	7646	2108011380	742219.23	6946163.12	742226.49	6946155.21
850560	7646	2108011380	742219.23	6946163.12	742226.49	6946155.21
850578	7646	2108011380	742219.23	6946163.12	742226.49	6946155.21
850586	7646	2108011380	742219.23	6946163.12	742226.49	6946155.21
850594	7646	2108011380	742219.23	6946163.12	742226.49	6946155.21
850608	7646	2108011380	742219.23	6946163.12	742226.49	6946155.21
850616	7646	2108011380	742219.23	6946163.12	742226.49	6946155.21
850624	14662	2108037607	742188.59	6946173.72	742195.43	6946175.95
850632	7646	2108011378	742202.66	6946174.43	742198.8	6946183.55
850640	7098	2108012701	742180.98	6946216.5	742184.24	6946208.36
850659	7646	2108011377	742206.93	6946177.66	742200.33	6946184.96
850675	7098	2108011335	742224.74	6946189.42	742216.97	6946197.3
850683	71400	2108011321	742223.9	6946213.17	742222.19	6946208.23
850691	71400	2108011321	742223.9	6946213.17	742222.19	6946208.23
850705	71400	2108011321	742223.9	6946213.17	742222.19	6946208.23
850713	71400	2108011321	742223.9	6946213.17	742222.19	6946208.23
850730	71400	2108011321	742223.9	6946213.17	742222.19	6946208.23
850748	71400	2108011321	742223.9	6946213.17	742222.19	6946208.23
850756	71400	2108011321	742223.9	6946213.17	742222.19	6946208.23
850764	71400	2108011321	742223.9	6946213.17	742222.19	6946208.23
850799	71400	2108011321	742223.9	6946213.17	742222.19	6946208.23
850810	71400	2108011321	742223.9	6946213.17	742222.19	6946208.23
850829	71400	2108011321	742223.9	6946213.17	742222.19	6946208.23
850837	71400	2108011321	742223.9	6946213.17	742222.19	6946208.23
850845	71400	2108011321	742223.9	6946213.17	742222.19	6946208.23
850853	7098	2108012639	742222.03	6946230.25	742215.43	6946223.45