742457.277525 6945780.819207
742461.118585 6945785.722310
742425.082687 6945780.292461
742420.388329 6945788.614249
742367.988339 6945792.678635
742355.013700 6945794.925408
742365.741567 6945788.017238
742357.611436 6945778.046231
742353.359597 6945785.035579
742354.477796 6945781.064511
742371.302039 6945786.660384
742353.913203 6945777.839925
742351.709767 6945785.304142
742362.164797 6945789.170226
742363.566818 6945789.889854
742354.856225 6945791.007441
742360.547317 6945784.788990
742246.570781 6945792.918691
742261.096371 6945796.817126
742255.827655 6945786.804002
742262.949455 6945795.298525
742264.548015 6945799.279359
742256.217072 6945783.611766
742254.671615 6945785.471564
742262.674789 6945784.957022
742261.023127 6945797.638074
742265.365911 6945800.758896
742257.659987 6945788.613750
742250.754259 6945786.710616
742262.232881 6945781.239868
742252.947319 6945782.617473
742258.974115 6945781.889302
742245.605787 6945799.140805
742250.947747 6945786.222930
742272.738171 6945769.248664
742277.732220 6945769.954862
742270.678783 6945759.532181
742275.854722 6945764.794183
742270.139215 6945774.408124
742275.868760 6945757.590594
742272.960957 6945763.129702
742275.680155 6945767.604327
742272.428103 6945762.651783
742264.011098 6945759.927090
742269.483067 6945771.482619
742271.322113 6945775.224799
742276.010976 6945762.336222
742264.359620 6945768.571153
742270.817947 6945756.695791
742274.975178 6945765.521132
742263.929919 6945774.416669
742263.811507 6945773.527358
742274.837845 6945761.485976
742250.873644 6945741.795014
742261.674754 6945754.051248
742248.759669 6945712.530092
742315.091940 6945709.437646
742302.485354 6945701.354515
742315.002215 6945707.301961
742349.454680 6945686.897208
742360.983962 6945684.930595
742351.935224 6945688.193634
742359.988447 6945691.935814
742360.781929 6945686.324681
742348.804025 6945684.174957
742363.037247 6945677.520701
742356.683904 6945690.078457
742354.868052 6945678.912345
742365.330408 6945695.246462
742357.334558 6945683.738542
742355.778115 6945684.318394
742363.283226 6945683.156249
742355.465605 6945682.256564
742366.003035 6945682.774768
742361.127398 6945688.164336
742350.263419 6945692.045071
742363.132466 6945684.771899
742356.361628 6945694.622053
742346.892956 6945696.711350
742357.795388 6945677.828938
742356.970167 6945680.700119
742363.204489 6945689.353948
742359.495879 6945680.775805
742363.186787 6945679.285282
742348.542176 6945691.681289
742352.624942 6945695.640150
742352.065233 6945683.545055
742349.148884 6945691.480478
742363.036026 6945690.978752
742358.348383 6945691.763080
742351.398098 6945679.708268
742346.375972 6945678.038905
742362.468382 6945693.871298
742350.555176 6945679.130858
742357.407803 6945677.103818
742348.619083 6945685.909019
742361.388026 6945690.541728
742357.212485 6945678.296481
742355.078019 6945680.857595
742360.267997 6945682.625837
742355.077409 6945681.467355
742357.900982 6945687.470346
742358.917248 6945680.022609
742356.426327 6945696.079617
742360.258842 6945695.314823
742350.142566 6945683.537731
742349.910626 6945696.722338
742355.492460 6945696.779101
742348.293755 6945689.322209
742348.231497 6945685.573315
742364.973952 6945677.787433
742364.236014 6945682.619123
742350.889660 6945692.200104
742354.557985 6945680.858206
742358.905041 6945688.901663
742355.375880 6945686.145843
742358.300164 6945689.513254
742363.439482 6945693.394598
742358.839121 6945691.236940
742357.658665 6945684.321446
742350.029038 6945691.576916
742357.446256 6945694.920523
742351.200948 6945680.597577
742358.438109 6945690.788929
742358.035874 6945683.844747
742356.232840 6945678.426490
742361.158528 6945689.059749
742358.751229 6945690.641219
742362.434202 6945679.801044
742357.864360 6945694.173432
742364.574770 6945689.112852
742360.897290 6945677.683060
742359.699133 6945696.349400
742352.643864 6945688.202790
742352.460142 6945680.297275
742348.514709 6945694.199677
742363.368067 6945691.705094
742349.441251 6945683.357061
742347.930585 6945678.350805
742359.163227 6945693.218811
742357.245445 6945685.783893
742354.523194 6945682.793689
742355.654820 6945686.842885
742349.396694 6945683.279544
742361.103594 6945683.096433
742362.877329 6945696.000269
742363.810585 6945691.319340
742352.344782 6945695.698746
742348.888256 6945678.133513
742362.042954 6945687.310429
742358.536377 6945695.941063
742347.788979 6945694.331517
742359.420804 6945683.261233
742348.439634 6945686.919792
742350.885387 6945682.624616
742364.743231 6945687.842060
742359.599642 6945679.109495
742298.370820 6945680.195240
742298.456272 6945688.479795
742298.705303 6945680.259939
742302.283293 6945683.255636
742300.645670 6945680.516295
742288.637857 6945686.770147
742290.532446 6945685.073929
742305.784986 6945682.442622
742303.466801 6945682.550659
742296.122216 6945688.319877
742299.576301 6945679.754553
742307.634409 6945685.229574
742292.051657 6945680.097581
742291.152582 6945687.478177
742307.554449 6945684.852364
742289.076713 6945679.209492
742289.638254 6945685.396815
742291.152582 6945689.554046
742305.806350 6945684.550231
742302.952868 6945689.691989
742288.813643 6945675.141985
742302.678201 6945684.955517
742292.871385 6945673.931621
742291.898454 6945685.094682
742295.339721 6945679.000746
742295.871354 6945685.832618
742304.567909 6945688.750188
742299.050773 6945684.834664
742304.483678 6945690.624635
742291.416262 6945685.216146
742296.568397 6945677.686619
742291.250852 6945689.716405
742289.843338 6945681.168781
742299.987081 6945678.658328
742299.481084 6945677.123857
742294.747052 6945674.825203
742304.680828 6945675.306785
742294.205044 6945688.374811
742306.424654 6945688.405329
742303.395998 6945684.917064
742295.742566 6945689.745702
742293.089897 6945689.884256
742293.108819 6945677.603608
742299.368166 6945692.309257
742289.596138 6945674.241079
742299.013540 6945681.148638
742290.413424 6945677.788550
742306.350799 6945677.267905
742291.451053 6945675.114518
742307.152826 6945674.214833
742289.461857 6945673.786964
742295.248166 6945690.906625
742296.492101 6945681.268271
742307.443361 6945689.356286
742299.204586 6945689.454555
742302.390718 6945680.566345
742293.703319 6945672.699284
742299.031851 6945691.708654
742296.493932 6945677.434536
742300.231229 6945677.715306
742302.200283 6945691.518216
742297.230038 6945690.417110
742288.663493 6945691.432155
742300.551062 6945688.335748
742300.053611 6945675.461209
742292.966602 6945680.272757
742288.605508 6945680.971021
742290.165004 6945685.811256
742305.622019 6945673.909648
742304.741253 6945685.853982
742302.349823 6945688.666568
742299.122796 6945686.325188
742291.375367 6945686.402705
742303.077995 6945688.167285
742289.141413 6945689.986188
742301.410463 6945686.743902
742290.229092 6945683.652377
742307.478153 6945673.788184
742294.019491 6945675.516142
742308.155664 6945685.012281
742294.364960 6945691.062270
742295.870744 6945686.503416
742292.892748 6945675.730993
742293.330993 6945683.041396
742306.565651 6945674.740972
742306.572975 6945681.447109
742290.122277 6945688.254567
742291.955829 6945692.100511
742304.037496 6945690.020370
742292.732830 6945681.744970
742249.915075 6945673.172665
742252.120953 6945666.254119
742256.062724 6945678.012291
742250.611508 6945663.201657
742253.625516 6945663.113764
742252.910162 6945670.566385
742267.547449 6945676.941702
742253.753083 6945673.753127
742262.751161 6945671.295166
742268.022928 6945667.269164
742268.265856 6945671.443486
742252.855229 6945670.886830
742275.925729 6945642.395809
742283.395439 6945644.766487
742276.106398 6945644.684088
742269.640746 6945641.894085
742271.540219 6945634.687444
742280.440026 6945637.885173
742265.940683 6945641.743324
742276.349936 6945635.373501
742268.488368 6945637.072771
742277.421745 6945643.041581
742276.620939 6945647.901959
742273.360953 6945647.644383
742256.524888 6945613.254161
742260.438581 6945600.531604
742267.583575 6945614.059850
742256.428449 6945616.288920
742252.300516 6945614.454148
742260.083346 6945605.380995
742261.141117 6945610.710137
742249.586810 6945602.251016
742253.798364 6945604.692497
742266.500777 6945610.743708
742263.163274 6945614.460862
742256.465682 6945604.488023
742266.671681 6945602.711846
742256.356425 6945607.951264
742255.665486 6945611.213693
742263.501420 6945611.267405
742263.383008 6945599.326122
742252.597766 6945601.991609
742262.203161 6945614.762384
742255.951140 6945606.892881
742250.781915 6945614.688531
742252.655751 6945606.898985
742261.691061 6945605.310192
742294.352861 6945589.508527
742282.191235 6945589.215549
742281.156047 6945594.801657
742308.016347 6945601.898988
742304.725230 6945595.850219
742303.228603 6945601.468066
742316.370484 6945591.927370
742315.752178 6945600.267469
742314.969684 6945598.833099
742303.837752 6945598.860565
742302.864212 6945607.444812
742311.152429 6945607.352647
742316.429079 6945598.572471
742315.470187 6945601.809264
742309.313994 6945595.725704
742302.870926 6945604.148812
742305.262967 6945589.169718
742308.082877 6945603.642816
742306.121147 6945594.391435
742311.565039 6945588.136361
742310.669015 6945598.110420
742313.990650 6945603.124001
742309.893235 6945594.949313
742318.724680 6945606.799649
742314.337951 6945607.898927
742302.941118 6945599.210307
742319.142784 6945595.688471
742307.999867 6945593.637628
742302.405824 6945600.204600
742309.695475 6945588.325576
742302.492497 6945597.067298
742319.030476 6945606.688563
742309.909716 6945602.498982
742314.103568 6945604.120736
742319.380219 6945599.605216
742313.772138 6945589.533499
742317.735272 6945597.197307
742313.684244 6945599.741941
742313.255764 6945604.274549
742315.326750 6945594.824798
742302.076224 6945593.299482
742308.703014 6945592.595115
742317.292143 6945595.388169
742347.773492 6945623.992848
742344.887662 6945634.234249
742348.255075 6945625.316131
742341.087497 6945639.695843
742345.977783 6945640.959919
742334.323375 6945639.686687
742346.324473 6945640.723705
742347.352338 6945639.462681
742342.950347 6945625.364961
742342.714745 6945626.955585
742335.389082 6945636.299743
742346.138311 6945625.074424
742344.653892 6945631.274565
742332.005799 6945637.786604
742347.482957 6945624.148493
742336.525591 6945633.122156
742339.835628 6945636.896685
742334.213509 6945636.211239
742350.276620 6945621.962757
742343.328777 6945635.488560
742333.858883 6945623.098045
742335.875547 6945635.188257
742347.154578 6945632.788893
742337.800654 6945637.245816
742335.026522 6945634.420413
742335.009431 6945625.747663
742349.796870 6945627.290679
742391.440139 6945603.013686
742394.018953 6945588.568665
742391.167303 6945594.600954
742403.859951 6945594.494139
742399.273630 6945595.959638
742392.795771 6945598.532959
742404.967774 6945594.389155
742404.132787 6945605.154256
742401.691916 6945599.029800
742392.062105 6945596.944775
742396.182104 6945596.165333
742408.249123 6945597.361047
742392.731072 6945598.945569
742405.170416 6945603.198629
742408.266823 6945604.640322
742396.842525 6945604.916821
742403.880703 6945602.566285
742407.555132 6945602.941663
742408.420637 6945605.795754
742409.233040 6945598.068467
742399.785731 6945589.782081
742398.062656 6945604.090378
742399.536700 6945591.026016
742390.999452 6945600.778511
742406.453414 6945588.903759
742392.778681 6945595.342554
742404.660147 6945603.781531
742394.064121 6945590.486448
742391.951629 6945594.552124
742391.353466 6945607.197774
742403.935027 6945588.702336
742409.265389 6945600.378718
742399.616658 6945588.050461
742395.834194 6945595.468290
742404.062595 6945603.266989
742391.438918 6945604.150195
742416.998640 6945624.471990
742425.238026 6945631.456457
742423.498472 6945616.082452
742420.243978 6945627.429844
742421.080795 6945621.398777
742426.390405 6945613.836900
742433.918711 6945626.903095
742417.247670 6945620.914753
742428.462612 6945631.761640
742440.446783 6945706.993034
742437.360752 6945713.082085
742438.699904 6945699.956075
742436.279785 6945699.967672
742435.901357 6945708.407261
742429.865406 6945705.093561
742466.842595 6945623.614107
742470.386405 6945619.876202
742469.457422 6945613.488067
742472.965219 6945619.483734
742476.768435 6945608.665532
742499.498131 6945764.794538
742498.734559 6945764.966052
742497.019419 6945756.386078
742495.903052 6945764.384978
742505.716584 6945750.256741
742491.947852 6945750.658364
742501.518458 6945765.420777
742499.410239 6945747.425233
742499.735565 6945747.288510
742498.035685 6945757.487797
742495.835301 6945747.825636
742505.410652 6945841.505010
742480.438189 6945851.572111
742471.875916 6945863.769748
742475.068762 6945856.884163
742481.491689 6945858.775699
742476.970066 6945854.997508
742481.990360 6945853.893959
742478.370865 6945860.717898
742484.474567 6945859.266438
742468.510335 6945857.354758
742475.937930 6945853.136489
742484.966526 6945865.230975
742486.242809 6945863.431603
742481.431871 6945860.854620
742483.099403 6945865.308491
742487.561819 6945859.881690
742475.685236 6945852.808721
742486.513203 6945866.989450
742477.515737 6945852.738528
742485.808836 6945865.792516
742469.202495 6945858.898385
742487.142494 6945851.920022
742471.717220 6945854.790593
742470.758328 6945862.387261
742470.787016 6945862.930490
742480.021916 6945864.370963
742483.051185 6945868.877937
742481.814574 6945856.535031
742484.597252 6945858.128707
742488.369949 6945866.015301
742485.423260 6945893.296359
742489.100130 6945893.509378
742492.954617 6945893.797473
742500.537858 6945893.690048
742488.969511 6945895.964897
742483.751455 6945893.848134
742482.259711 6945905.308445
742496.555802 6945907.505777
742481.370401 6945898.857442
742489.862482 6945905.915762
742490.561966 6945899.782153
742496.322640 6945894.655043
742492.523086 6945891.739915
742499.775504 6945907.761522
742498.475415 6945891.077663
742491.152804 6945902.525767
742496.279304 6945905.006311
742486.449902 6945908.083187
742497.174716 6945893.877432
742492.391856 6945890.909812
742491.778434 6945905.692367
742495.418072 6945890.365971
742495.969847 6945900.952232
742499.619248 6945907.395910
742497.273597 6945895.993585
742489.233800 6945899.522745
742482.386668 6945902.924339
742481.352091 6945905.256563
742496.458753 6945894.279665
742484.430187 6945891.035548
742494.747274 6945890.538707
742488.252325 6945903.842335
742497.298012 6945898.610242
742500.969388 6945902.595958
742487.240942 6945899.424475
742498.822106 6945891.470742
742483.354715 6945892.749467
742484.195195 6945908.244936
742487.509505 6945897.361425
742497.611743 6945890.817646
742497.619067 6945894.684952
742499.292703 6945895.015162
742486.722127 6945894.045283
742485.922543 6945906.808124
742498.831872 6945907.638838
742510.375658 6945918.910431
742496.538451 6945972.518343
742499.395594 6945976.165915
742504.705816 6945972.749063
742513.609895 6945981.508485
742506.647403 6945987.281367
742506.172535 6945983.660651
742515.707128 6945988.434355
742513.069108 6945985.851880
742498.653995 6945976.535799
742471.852429 6946009.534294
742515.650082 6946076.961268
742510.507103 6946062.742695
742308.105784 6945943.089158
742361.193467 6945993.408415
742359.752752 6946046.852880
742306.476450 6946104.261613
742302.628664 6946123.773512
742284.963331 6946121.449832
742293.297325 6946106.131372
742288.892283 6946114.349396
742287.451809 6946124.360688
742294.353875 6946110.837326
742299.409571 6946124.110436
742288.589539 6946106.622110
742299.743445 6946110.544959
742295.451931 6946122.107811
742301.360314 6946112.612283
742295.098527 6946125.815812
742301.707005 6946118.917407
742288.874582 6946122.235989
742291.740881 6946113.317871
742285.019484 6946117.205928
742292.277396 6946108.375703
742290.818611 6946123.960286
742288.349664 6946124.783675
742286.821297 6946122.966603
742302.198963 6946114.891405
742288.762274 6946118.675089
742295.521514 6946118.460850
742292.793159 6946106.309600
742301.602631 6946108.772444
742289.668063 6946111.819412
742297.953228 6946117.208980
742303.496611 6946118.124536
742300.084642 6946114.434238
742300.687687 6946120.769270
742287.035537 6946116.310515
742284.721624 6946106.119774
742299.286277 6946112.657450
742272.165043 6946163.252777
742269.480634 6946155.017662
742247.629404 6946169.213413
742248.658487 6946188.111695
742245.018850 6946182.857628
742240.328766 6946185.177035
742247.942524 6946180.674334
742310.709878 6946142.289670
742314.638830 6946140.368225
742350.560200 6946127.618051
742353.059056 6946139.857804
742351.605765 6946135.000478
742344.080510 6946133.104669
742355.465135 6946145.005667
742352.171578 6946145.959064
742351.187660 6946137.990682
742343.729547 6946146.812973
742409.893995 6946056.183436
742406.582737 6946054.094139
742404.636876 6946057.406007
742403.782359 6946048.215053
742400.154318 6946052.095787
742411.336910 6946064.625466
742411.872206 6946059.611275
742404.269434 6946048.963977
742400.730508 6946053.541143
742402.561618 6946049.036001
742410.085651 6946053.520391
742408.220360 6946066.092797
742404.358547 6946051.759473
742398.176108 6946058.649332
742410.078327 6946052.436373
742398.618016 6946061.977680
742409.922073 6946052.056723
742396.404203 6946056.370820
742410.396940 6946058.921557
742393.165579 6946067.339783
742393.774729 6946059.818801
742397.728707 6946050.831710
742394.912459 6946052.064658
742402.487763 6946066.631142
742475.842415 6946074.522456
742481.609802 6946078.524653
742485.167650 6946082.741090
742402.070491 6946008.599217
742361.851241 6945937.788074
742359.345060 6945939.978082
742368.856459 6945942.912132
742366.528507 6945947.833547
742365.863203 6945943.802052
742367.231653 6945938.306279
742358.125924 6945925.356700
742358.208934 6945934.373700
742341.894959 6945935.496170
742348.800077 6945923.516435
742339.875855 6945920.830806
742348.438128 6945937.244271
742342.064642 6945920.287576
742343.597892 6945936.369000
742355.286481 6945935.591388
742352.512348 6945925.973174
742354.970920 6945938.428389
742356.184945 6945924.850704
742349.317671 6945920.458480
742340.856719 6945920.615956
742346.466632 6945934.304728
742347.538442 6945923.606769
742345.300825 6945923.640340
742354.240306 6945922.693045
742340.506977 6945930.510666
742346.519734 6945936.132786
742342.518758 6945937.995636
742341.978580 6945920.582996
742342.971042 6945936.359845
742318.049283 6945895.543922
742320.003078 6945894.928669
742326.363135 6945901.545083
742331.715471 6945903.035605
742315.168946 6945887.194669
742324.224399 6945900.135127
742330.967767 6945885.580239
742330.511211 6945900.578256
742320.830740 6945895.105677
742326.504131 6945893.148830
742318.692613 6945903.119227
742332.707933 6945898.690991
742294.521115 6945859.087554
742285.264241 6945857.598861
742294.635254 6945863.387002
742289.731540 6945858.238529
742292.193773 6945867.475871
742301.587980 6945867.062651
742302.276478 6945858.390511
742292.896310 6945858.356331
742300.585754 6945863.327185
742289.154130 6945864.389840
742294.040753 6945860.370552
742276.808103 6945836.736170
742275.648400 6945837.737177
742288.301373 6945848.145210
742285.985018 6945846.360486
742283.578940 6945838.753443
742285.182382 6945834.640158
742284.280255 6945850.532977
742276.676264 6945834.239145
742279.530965 6945833.767328
742286.608817 6945845.722039
742280.656487 6945845.432723
742281.218638 6945848.899017
742282.645684 6945847.286418
742285.043828 6945850.711816
742273.004886 6945841.821774
742285.574240 6945833.780147
742278.612358 6945834.194588
742279.971041 6945838.736963
742271.210398 6945838.248667
742289.486102 6945843.480760
742282.155556 6945834.771999
742277.195078 6945852.462358
742287.046452 6945840.101140
742274.682794 6945839.142248
742270.864319 6945853.205789
742273.294202 6945834.729882
742274.247600 6945839.369917
742285.582175 6945846.344007
742271.518635 6945838.606954
742272.574576 6945837.702386
742281.096564 6945836.916839
742282.490650 6945835.489794
742278.919374 6945848.528522
742276.521229 6945834.499773
742275.495197 6945847.237588
742287.310132 6945844.703332
742287.214915 6945834.975862
742285.753078 6945853.344953
742282.544972 6945845.728753
742281.740505 6945845.214212
742273.730006 6945852.929290
742274.475268 6945834.197640
742274.626030 6945838.454361
742277.981235 6945849.250590
742275.294385 6945851.352704
742305.413733 6945840.406226
742301.954765 6945826.913992
742309.916434 6945832.934683
742305.049952 6945839.217225
742317.345859 6945830.327793
742315.740586 6945832.794299
742316.895406 6945839.157408
742301.858326 6945831.502145
742304.933982 6945836.494973
742303.644880 6945830.254549
742299.817249 6945827.989464
742312.011834 6945842.731125
742311.262300 6945842.237946
742297.940360 6945835.681960
742309.917655 6945844.561625
742303.637555 6945837.971459
742355.105075 6945850.429853
742358.411451 6945849.555195
742352.285165 6945839.050723
742355.851558 6945835.955536
742351.019258 6945846.734063
742348.059572 6945852.817013
742342.205511 6945841.185187
742340.715598 6945846.701714
742363.856103 6945860.708563
742363.251226 6945861.108356
742375.922512 6945872.594303
742411.954677 6945935.942101
742412.125581 6945945.502331
742412.702381 6945937.587049
742430.253576 6945937.755512
742428.575668 6945934.451578
742419.065490 6945934.547405
742474.302840 6945829.032330
742480.036047 6945818.227556
742461.176829 6945824.890357
742462.121073 6945825.686280
742469.571251 6945831.655091
742473.211498 6945816.582608
742469.419879 6945819.376272
742473.594811 6945828.733248
742461.229321 6945814.670318
742469.020697 6945818.102430
742467.467915 6945829.050030
742478.202496 6945818.795811
742465.085640 6945823.858831
742470.513662 6945832.467491
742469.797089 6945819.934761
742469.507772 6945820.262530
742472.740903 6945830.120009
742467.880526 6945820.432823
742480.153238 6945822.747958
742469.504110 6945824.731050
742476.667416 6945814.238177
742464.156047 6945816.723604
742462.879152 6945818.910560
742470.568596 6945825.147932
742467.787749 6945814.151504
742473.422688 6945815.421684
742466.746458 6945829.064678
742469.913669 6945832.453453
742465.551353 6945814.711824
742471.512228 6945817.857061
742461.279372 6945824.090162
742476.543510 6945814.715486
742480.516409 6945819.953682
742454.049775 6946304.014278
742440.423261 6946299.632431
742445.539384 6946299.792348
742356.508217 6946298.159657
742387.867178 6946300.873887
742379.584456 6946307.575141
742385.733324 6946294.919725
742424.181357 6946341.556852
742439.486390 6946339.251485
742429.739388 6946335.995769
742424.434660 6946334.801275
742426.313990 6946333.357749
742440.814555 6946331.081679
742428.753030 6946329.580779
742429.377439 6946330.141098
742427.992509 6946330.614135
742425.995987 6946333.200884
742423.855420 6946336.533505
742441.820444 6946342.680544
742431.475891 6946344.755191
742426.132100 6946336.133712
742391.355453 6946254.528893
742386.885712 6946259.278184
742387.462512 6946246.534875
742398.362502 6946256.936803
742394.511678 6946256.445455
742382.057684 6946245.763366
742387.704218 6946259.603511
742399.102882 6946250.892917
742396.063848 6946245.667538
742400.334609 6946250.369219
742383.784421 6946257.063759
742450.671937 6946179.555715
742456.815313 6946186.768459
742459.439905 6946182.533711
742451.952494 6946193.402573
742450.630432 6946174.006840
742467.433922 6946182.136361
742464.244740 6946177.656243
742451.172441 6946182.365860
742462.696840 6946184.451495
742465.622345 6946190.646752
742454.567930 6946183.893005
742466.547056 6946176.882904
742468.553953 6946184.670618
742463.398831 6946112.625855
742463.077776 6946115.245564
742462.843394 6946115.281576
742478.120959 6946123.160845
742473.761085 6946117.178606
742472.581850 6946127.013500
742477.411710 6946129.859657
742475.871745 6946116.470577
742461.094073 6946112.528807
742477.060746 6946114.257375
742476.840404 6946118.479305
742478.119128 6946118.922434
742465.614474 6946124.982189
742476.736030 6946118.893136
742467.650670 6946124.783818
742464.327204 6946120.947642
742469.542207 6946127.332115
742474.867687 6946126.217579
742468.718817 6946127.846657
742470.166005 6946116.866707
742465.928815 6946112.373773
742477.210288 6946126.549010
742466.354853 6946116.938731
742463.210227 6946117.782262
742459.988082 6946128.923349
742463.961592 6946119.367394
742461.882671 6946128.796392
742471.147480 6946126.964061
742462.922132 6946120.325065
742474.220695 6946119.957623
742471.714515 6946127.382166
742462.474120 6946117.744419
742478.249137 6946125.479031
742462.936170 6946128.548582
742459.931317 6946126.155321
742459.706091 6946113.907633
742460.632633 6946122.344780
742470.364375 6946121.951091
742463.362819 6946112.834601
742465.077349 6946112.580077
742467.210592 6946113.965007
742405.348723 6946199.102853
742357.210481 6946176.519310
742366.793904 6946189.475637
742349.469767 6946176.833650
742361.174225 6946180.563622
742352.929956 6946178.037910
742357.537029 6946187.367418
742357.379554 6946172.491477
742363.619370 6946182.232985
742349.107817 6946181.336351
742365.968683 6946185.607111
742356.513438 6946180.171155
742365.412636 6946182.121897
742354.340521 6946188.832307
742360.229372 6946173.595636
742357.183015 6946173.393604
742352.630874 6946182.074289
742362.860678 6946178.528648
742364.197388 6946186.031929
742356.312017 6946178.338213
742355.876823 6946182.863497
742354.615798 6946183.785767
742358.187073 6946180.796784
742363.768299 6946174.859103
742347.229098 6946173.330125
742347.847403 6946175.580560
742352.154175 6946179.350816
742361.187042 6946179.999640
742349.696214 6946182.026070
742364.170532 6946187.277694
742351.400367 6946189.621517
742353.302281 6946174.009467
742359.172212 6946171.350695
742366.146301 6946181.889957
742354.772663 6946171.392810
742297.546356 6946160.544163
742304.654116 6946145.881851
742330.431121 6946178.559462
742348.434599 6946180.909998
742334.589573 6946175.966609
742349.416685 6946169.796987
742338.091877 6946177.977779
742336.806437 6946174.423593
742342.608616 6946172.870812
742335.899427 6946178.525891
742348.073872 6946177.416849
742336.663611 6946181.347022
742339.307123 6946179.510418
742338.355557 6946186.301397
742332.519808 6946181.149873
742333.074023 6946172.803061
742332.331814 6946169.895867
742343.890393 6946184.384224
742339.915053 6946176.930385
742343.168937 6946176.225407
742342.898543 6946169.839714
742346.712135 6946175.228061
742347.659430 6946178.256107
742349.345883 6946175.749318
742344.614293 6946180.467480
742337.582828 6946184.123596
742347.151602 6946169.134126
742344.971970 6946175.102936
742334.812358 6946184.234684
742345.774606 6946173.334083
742341.364681 6946171.349770
742332.585117 6946182.997464
742338.376310 6946173.443950
742333.519594 6946178.739522
742334.925276 6946174.227665
742334.601780 6946181.016202
742344.068623 6946181.260350
742342.966903 6946168.976040
742336.690467 6946186.900171
742336.514070 6946174.007932
742333.359677 6946175.226230
742335.629033 6946187.077789
742334.824565 6946173.071624
742342.597019 6946182.976101
742341.756539 6946173.275488
742344.343289 6946174.613418
742344.382963 6946168.286932
742344.111348 6946180.469311
742332.627843 6946182.252812
742337.718331 6946178.334235
742347.382931 6946179.694140
742340.003556 6946168.471264
742377.290969 6946230.446174
742370.847291 6946230.828265
742379.141001 6946219.829394
742363.868317 6946230.315554
742378.816894 6946225.021203
742379.736112 6946236.081113
742378.331651 6946225.305636
742374.628534 6946227.488319
742365.891084 6946227.164214
742365.789763 6946232.740556
742342.846793 6946248.413781
742314.810326 6946269.485348
742319.159824 6946269.846687
742312.785119 6946260.013624
742303.624072 6946260.057570
742316.064027 6946274.264545
742311.152988 6946259.013227
742317.419048 6946266.973064
742308.365428 6946264.367394
742321.365091 6946262.188373
742320.354929 6946259.127366
742314.000366 6946266.229024
742304.305855 6946273.312981
742310.553605 6946267.561461
742302.367930 6946267.830025
742316.242865 6946256.714573
742314.409923 6946258.706821
742306.082033 6946269.357781
742283.993243 6946331.672247
742281.968646 6946327.543093
742231.184557 6946167.052596
742225.668030 6946164.073380
742227.970347 6946152.713780
742228.473292 6946152.730871
742221.443658 6946161.965162
742227.684693 6946166.274986
742231.069807 6946150.949810
742221.244067 6946161.747869
742223.110579 6946158.702732
742228.584990 6946161.251027
742220.063611 6946161.336480
742220.555569 6946164.670322
742214.978006 6946151.588257
742233.290333 6946150.564666
742189.943592 6946166.998762
742199.029204 6946177.668244
742178.004452 6946211.490335
742198.129649 6946176.536600
742223.689865 6946201.221874
742230.624271 6946209.686481
742221.278894 6946205.341255
742232.333309 6946215.487439
742219.879315 6946215.160890
742225.112629 6946213.128968
742230.929457 6946214.349708
742217.757668 6946202.875970
742223.678259 6946215.010129
742224.403990 6946201.002134
742223.263208 6946209.868981
742232.462097 6946218.492900
742227.092670 6946205.616532
742215.115986 6946206.033415
742218.055846 6946228.985381
