742467.252500 6945779.547500
742423.382500 6945780.695000
742361.531538 6945787.746538
742255.430000 6945790.765000
742270.980000 6945765.425000
742252.342500 6945750.387500
742255.695000 6945704.985000
742308.658333 6945707.796667
742356.343622 6945686.818776
742298.520056 6945682.612611
742259.840000 6945668.160000
742274.535000 6945643.955000
742258.594348 6945606.539783
742290.600000 6945597.700000
742311.871750 6945597.953250
742340.376111 6945631.655741
742400.982361 6945597.629306
742424.230000 6945621.786667
742434.936667 6945704.160000
742466.990000 6945614.573000
742496.908636 6945756.598182
742495.490000 6945848.950000
742478.420000 6945860.565000
742491.335000 6945899.885000
742503.480000 6945916.725000
742505.720556 6945979.047778
742476.165000 6946016.115000
742506.175000 6946072.125000
742305.205000 6945936.835000
742356.475000 6945987.045000
742367.260000 6946042.475000
742308.975000 6946101.265000
742294.320000 6946115.980000
742264.122500 6946164.007500
742245.010000 6946178.730000
742315.437500 6946135.405000
742353.528125 6946137.328125
742402.590000 6946057.435000
742484.856667 6946082.930000
742403.825000 6946000.105000
742359.830000 6945941.945000
742349.342391 6945929.998261
742323.065000 6945894.130000
742292.625000 6945863.640000
742279.845000 6945843.351667
742307.825000 6945835.855000
742350.166875 6945842.953125
742368.678333 6945867.328333
742421.002500 6945936.277500
742471.132273 6945822.565152
742445.970000 6946303.580000
742358.220000 6946292.865000
742381.035000 6946303.091667
742432.546786 6946336.495357
742391.913636 6946250.544091
742459.138077 6946183.903077
742468.985244 6946121.290976
742410.315000 6946192.690000
742357.035000 6946181.145000
742302.805000 6946152.830000
742340.100300 6946177.855400
742373.855500 6946229.376500
742349.610000 6946244.595000
742311.395000 6946264.715000
742274.102500 6946326.590000
742223.348929 6946159.675357
742192.010000 6946174.835000
742200.730000 6946178.990000
742182.610000 6946212.430000
742203.630000 6946181.310000
742220.855000 6946193.360000
742223.045000 6946210.700000
742218.730000 6946226.850000
