39
58.678466 34.406125
54.560092 34.194163
54.775044 33.478339
73.715865 36.796709
73.930819 36.080886
79.111218 36.481518
78.600842 37.901158
65.274590 34.474548
64.816942 35.902299
45.942106 32.417978
45.713283 33.131854
96.064256 39.833032
96.494167 38.401386
98.106348 39.571180
97.340779 41.700641
24.715805 29.339723
24.486983 30.053599
116.284218 42.580199
116.714131 41.148553
119.346853 44.184437
117.362797 51.027133
7.077553 17.043699
9.206171 17.332221
3.002595 30.645589
5.131210 30.934111
15.122289 14.118887
13.170485 14.758938
122.532781 44.639931
120.573267 51.396523
113.701676 65.423621
140.546042 46.621563
140.975958 45.189917
116.912141 65.793010
11.366994 2.725921
14.559924 3.158705
15.593293 0.046853
14.509825 0.000000
0.000000 40.668035
3.192920 41.100817
