41
49.357753 49.587297
57.795327 40.210368
56.848323 39.853215
63.058801 66.333087
62.448990 68.485310
41.525851 64.315778
41.119312 65.750594
68.945052 26.832666
67.998047 26.475512
76.719817 68.828070
76.313274 70.262885
26.798337 61.684080
26.391800 63.118896
24.508993 80.995190
25.483825 81.316677
78.918045 16.360255
77.024035 15.645947
64.635976 13.206215
65.044558 11.771662
80.834671 14.550295
81.243255 13.115742
52.044740 10.839860
93.783548 71.015866
93.377003 72.450681
11.605297 98.700619
12.580129 99.022106
91.660648 1.071463
88.819629 0.000000
99.823655 17.741213
100.436534 15.589384
52.453319 9.405307
30.718852 8.091412
30.923140 7.374136
112.121865 72.623631
111.708868 74.057611
0.000000 114.574767
0.413930 113.140908
23.446880 117.637708
23.860814 116.203850
1.550113 110.838514
4.474606 111.802973
