49
27.275327 71.011007
23.608688 87.815275
20.413874 87.388839
22.318421 60.437215
22.849014 58.275670
24.323140 81.181135
20.159024 90.281412
23.336341 90.763374
34.809222 49.851269
32.679339 49.566977
28.038340 69.049277
25.908460 68.764986
30.996973 59.021049
28.867092 58.736757
45.933517 62.759728
46.345036 61.325657
31.935624 60.252801
31.310225 61.651451
28.383546 69.070687
30.501761 69.391996
25.382247 81.341789
18.317155 101.999171
16.187281 101.714881
15.620943 103.816619
18.798256 104.298581
0.000000 57.218469
0.353726 55.777439
39.669855 33.376325
36.475025 32.949887
58.240846 64.811681
57.615444 66.210331
14.944177 117.183660
12.814306 116.899370
12.380822 116.800102
14.499028 117.121409
43.465558 16.759235
41.335668 16.474943
70.246452 66.659954
70.863734 64.508848
75.603045 69.086601
74.977641 70.485251
11.980216 127.229308
8.796129 126.768037
48.326218 0.284293
46.196326 0.000000
89.211974 71.846158
88.713597 72.494944
97.102953 69.402937
97.308715 68.685901
