29
63.541250 49.396398
46.263090 37.302077
55.176294 59.649571
54.241262 59.278404
63.453086 50.215120
62.518054 49.843952
75.685589 56.814081
74.892234 57.312644
66.102469 48.844258
64.515760 49.841385
48.683171 35.835728
34.070330 26.014486
32.456943 26.992053
41.381672 75.373663
40.446640 75.002496
88.285573 65.886331
87.492219 66.384893
18.164285 13.045155
16.550897 14.022723
29.631984 90.203755
26.814293 89.104747
97.973022 71.791713
96.386313 72.788838
0.839118 0.000000
0.000000 0.463427
19.979117 99.946050
19.039887 99.579714
109.779617 81.362536
108.986263 81.861098
