29
20.018031 68.853716
23.012166 61.072447
20.881417 60.791173
27.213966 50.464508
24.017839 50.042596
15.713770 89.875956
13.583026 89.594682
18.202994 77.553598
17.137621 77.412961
5.255744 84.480952
5.447434 83.762182
18.031047 86.168798
18.449559 84.735697
30.957787 33.842721
28.827032 33.561446
9.440970 111.373111
7.310230 111.091838
12.368273 101.341105
9.172160 100.919195
39.337849 88.983739
39.756362 87.550639
36.331387 18.920346
33.132920 18.506501
4.193748 125.563913
3.128379 125.423277
40.597794 0.137949
39.531636 0.000000
1.049366 136.335833
0.000000 136.148515
