35
24.658877 53.509809
33.303915 33.878585
30.137394 33.365637
21.505335 52.219714
21.718104 51.503587
44.714378 56.084509
45.352688 53.936129
21.095999 72.377279
18.961283 72.110085
26.458529 52.992241
24.323809 52.725046
38.349020 16.667840
37.293512 16.496857
0.000000 50.073434
0.638301 47.925053
64.090439 57.944583
64.303211 57.228456
16.453633 85.167042
14.318919 84.899848
48.151526 0.000000
47.923574 0.714010
81.976322 61.093801
82.401868 59.661548
13.548767 99.659928
10.346700 99.259137
60.889364 1.839977
60.661411 2.553987
100.074969 63.526906
100.500517 62.094653
101.140512 68.274896
99.027362 67.938971
9.973775 112.583288
7.839066 112.316095
7.590452 121.198862
5.455745 120.931669
