27
55.478994 44.932154
39.001254 37.668376
40.363055 36.530652
59.977376 48.092602
60.658277 47.523740
68.417804 63.069634
27.843256 30.686887
28.524157 30.118024
69.997136 64.072076
56.585659 73.633900
55.795993 73.132680
85.775030 71.282131
86.850097 70.013032
16.837270 25.647430
19.234867 24.164416
40.294935 11.759434
41.744729 12.846846
46.154527 81.070880
44.575195 80.068440
91.861587 50.177784
93.356242 51.237352
0.000000 12.250116
0.799199 11.755777
58.159602 0.000000
59.609395 1.087414
108.440204 38.587915
109.934859 39.647484
