29
33.507732 36.985560
20.412336 33.278594
19.501454 35.382159
49.892103 42.607876
48.945095 42.250717
39.273205 55.348650
38.326198 54.991491
0.607252 29.397956
0.000000 30.800332
62.519929 28.950189
60.625911 28.235870
30.247161 66.178311
28.353147 65.463994
71.015087 18.757578
69.121068 18.043258
72.673355 16.045375
70.293294 17.541080
63.779386 9.641265
61.399326 11.136972
24.291910 74.816977
21.450891 73.745503
48.903895 0.000000
47.317187 0.997139
11.549308 90.105920
9.655297 89.391605
13.465933 88.295942
13.874517 86.861375
32.454918 91.486892
33.067796 89.335042
