29
29.960060 4.188628
37.577139 23.652808
38.551972 23.974295
39.866483 4.341735
39.459947 5.776548
13.204359 0.923389
12.594557 3.075609
24.673444 41.358204
25.648275 41.679690
54.187458 8.408241
54.593997 6.973428
0.203265 0.000000
0.000000 0.717407
13.068146 57.232320
13.482076 55.798465
36.515026 60.295256
36.928960 58.861401
14.618260 53.496075
17.542752 54.460532
76.126947 8.990733
75.517136 11.142952
7.489773 64.193343
9.471209 64.790744
0.829172 74.189992
3.801323 75.086093
49.304227 61.965957
49.925132 59.815175
89.787963 11.485712
89.381420 12.920523
