25
68.303453 55.716945
86.495872 44.550450
83.421067 43.827893
55.412153 54.398232
55.827714 52.964732
82.910420 58.748681
83.533766 56.598432
94.373743 29.383972
92.323870 28.902267
36.231031 51.882613
36.646590 50.449113
101.535462 15.596267
99.485587 15.114561
17.998789 40.068741
18.973360 50.363270
19.596695 48.213020
106.256164 0.448152
103.067968 0.000000
0.000000 47.130929
0.207778 46.414179
14.799918 39.656479
21.472042 27.876319
18.273167 27.464056
9.685543 65.049358
8.619102 64.912478
