33
66.915131 47.322580
60.341099 68.772389
58.208479 68.497542
65.467456 53.091398
63.346696 52.777763
70.957719 39.697168
67.776575 39.226714
62.853316 63.968986
63.283975 62.537499
42.433264 61.934787
42.845313 60.500824
81.792514 67.291713
82.438507 65.144484
58.342664 79.667851
56.210047 79.393004
75.853918 24.719695
73.733153 24.406059
20.047644 59.024757
20.665713 56.873812
100.947033 69.898712
101.593030 67.751483
53.234771 97.597916
50.035849 97.185646
78.990287 11.725044
76.869519 11.411407
0.000000 55.674909
0.206021 54.957927
117.124459 71.355480
117.555125 69.923994
49.761413 109.790360
47.628800 109.515514
83.781126 0.470456
80.599971 0.000000
