25
44.959688 16.500759
32.557952 13.598121
32.109803 15.027260
58.892671 18.080661
58.444519 19.509800
14.481921 11.071500
13.819213 13.216549
76.952640 20.642897
76.504486 22.072035
0.662705 9.139899
0.000000 11.284948
91.325951 38.555974
90.264399 38.402733
96.260504 26.570653
93.075845 26.110930
92.887900 22.903705
92.439743 24.332843
95.880314 21.412452
97.967048 21.816445
87.452959 50.694537
85.329857 50.388056
118.982126 26.866200
104.351271 0.146437
103.287595 0.000000
119.853307 24.755144
