29
38.683401 34.080112
35.377429 34.038526
35.791341 32.604705
60.955939 37.379662
61.369853 35.945842
13.855038 31.971177
14.268947 30.537355
53.936593 56.894319
55.858864 57.573566
73.745188 39.050241
73.952146 38.333331
78.122673 27.493721
79.083811 27.833346
67.519966 41.070776
69.442239 41.750024
0.000000 30.161418
0.413907 28.727596
46.314629 68.224900
47.275764 68.564523
89.524784 41.855383
89.938703 40.421563
87.715622 15.209723
89.637899 15.888973
32.226433 84.694982
35.109835 85.713850
107.642872 44.222059
108.056793 42.788239
98.367028 0.000000
101.250446 1.018876
