35
70.613413 41.275852
78.267000 45.847198
77.508369 47.977839
62.288562 43.579801
61.840403 45.008951
60.537607 44.338113
61.408788 42.227039
85.645642 49.026056
86.226432 47.618674
98.199650 51.370037
98.780443 49.962656
37.815985 44.042564
39.522528 39.288315
102.551896 49.759352
101.793262 51.889992
32.881432 56.027988
31.819880 55.874746
34.631326 43.582837
34.443381 40.375584
33.995224 41.804734
18.508121 38.114757
18.059967 39.543908
37.435795 38.884318
45.906752 17.618122
44.843076 17.471683
122.360440 53.701363
122.107560 54.411576
29.008440 68.166655
26.885338 67.860171
0.448152 35.552499
0.000000 36.981650
46.416187 0.027943
44.245126 0.000000
125.738135 55.735472
126.485144 53.602974
