28
30.128795 53.914863
28.378037 40.570843
26.242192 40.307733
12.775565 52.699191
13.201093 51.266952
25.763892 53.700459
25.976657 52.984340
20.750488 68.585825
18.614649 68.322716
24.075313 56.374166
23.007392 56.242611
50.037612 57.708256
50.675908 55.559898
33.071933 23.330855
30.936084 23.067745
0.000000 50.981811
0.425525 49.549572
18.298013 81.647372
15.094257 81.252709
36.592364 10.400865
35.524438 10.269309
13.799742 98.169030
11.663908 97.905922
47.322536 0.000000
46.866642 1.428005
10.474942 110.380691
8.339110 110.117583
7.736877 120.437353
