25
27.558160 78.331721
31.497890 57.083825
33.624988 57.377245
23.461377 95.644074
22.392982 95.514283
26.741654 83.427125
25.673258 83.297334
13.835016 57.363227
14.479278 55.215703
37.386915 37.768518
39.514016 38.061938
37.960218 46.793229
35.833118 46.499809
17.569059 113.480385
19.705847 113.739966
0.000000 55.485356
0.644258 53.337831
45.184952 19.462015
44.121400 19.315304
14.110113 134.580645
11.973329 134.321065
17.004455 123.800983
14.867670 123.541403
50.010467 0.000000
52.137575 0.293422
