27
63.096725 54.486270
58.369907 70.982619
57.308558 70.828866
63.317229 59.000240
61.194529 58.692734
68.803323 41.866879
66.680620 41.559372
63.854049 80.403878
64.068799 79.688046
77.689080 82.281700
77.903831 81.565869
35.119739 76.503810
35.549237 75.072148
71.856552 28.863105
70.795199 28.709352
50.862748 98.209213
49.797976 98.066581
22.348929 74.770458
22.778424 73.338795
76.346730 18.308509
73.162669 17.847249
48.534671 109.810962
46.405128 109.525698
0.000000 71.737107
0.214746 71.021276
82.061454 0.461261
78.877388 0.000000
