25
19.976115 66.682262
15.777414 63.832609
16.213296 62.401789
39.177039 67.057655
39.612925 65.626834
16.289291 81.080939
15.224340 80.938791
19.247987 71.052648
17.118084 70.768351
25.596339 53.287133
23.466432 53.002837
55.131321 69.256562
55.567210 67.825742
10.794584 99.704911
9.729635 99.562763
27.583035 35.628843
30.768573 36.085763
5.722564 116.896270
3.592669 116.611975
33.237043 17.796655
36.436521 18.207172
2.129892 129.073483
0.000000 128.789188
39.389609 0.000000
40.456103 0.136839
