25
41.329692 48.222041
29.539384 61.394425
32.442329 62.387947
40.319536 51.973360
38.384237 51.311012
48.439930 40.009889
47.478873 39.670139
56.567579 43.324501
56.343168 44.777313
24.565138 72.802535
21.662194 71.809015
59.551594 25.787402
58.590536 25.447652
74.813331 45.334024
74.588917 46.786836
11.781732 88.093251
10.814085 87.762078
66.117591 17.383207
64.195473 16.703706
91.143181 45.741231
90.892834 47.192124
1.935292 101.111496
0.000000 100.449151
81.822115 0.736380
79.946864 0.000000
