27
18.399179 64.745009
21.060055 50.222904
15.047430 79.205651
13.991795 79.035041
21.613838 59.958480
18.414518 59.547844
23.192936 50.496662
26.855998 37.585207
25.789556 37.448328
10.481714 91.986308
9.426081 91.815699
17.170454 19.666824
17.378232 18.950075
36.143814 22.899156
36.767149 20.748911
7.225291 104.227540
4.058394 103.715712
4.383024 17.989776
4.590800 17.273027
35.169243 12.604653
31.970372 12.192392
38.642496 0.412261
35.443621 0.000000
53.401485 24.418495
53.817044 22.984999
3.166894 115.588125
0.000000 115.076298
