27
23.061686 52.389127
29.483702 34.802118
26.272513 34.435297
17.349587 71.906432
17.914009 69.748799
33.790917 72.239317
33.998715 70.785502
22.155788 57.481348
21.089871 57.342501
30.594818 26.040451
29.524420 25.918177
4.013165 68.103724
13.790849 87.669994
10.623379 87.159430
16.783495 76.137396
15.727671 75.967207
3.636888 69.542147
52.163456 73.427343
52.267356 72.700436
34.230678 11.641464
33.160279 11.519190
8.182790 100.275835
7.122403 100.119014
38.209773 0.244548
36.068973 0.000000
2.120772 118.819599
0.000000 118.505958
