27
33.973335 57.431160
28.231990 52.099931
27.389456 52.560549
17.276221 43.031634
16.433687 43.492253
50.564393 62.269659
52.084021 63.313016
44.314373 75.271389
47.422837 75.925644
1.685068 28.968579
0.000000 29.889817
67.609761 52.057719
69.129389 53.101077
37.024996 85.715733
38.991318 86.335361
14.857482 12.053132
15.604052 12.583394
76.155992 45.402549
78.435434 46.967586
27.353380 99.604530
29.319700 100.224157
33.775881 0.000000
34.522451 0.530263
7.453056 93.440312
8.065949 91.288433
20.046602 111.819029
21.029761 112.128843
