29
29.031326 23.899821
37.648725 4.778288
38.165713 3.359789
26.878601 34.034605
24.740348 33.780246
32.296764 17.622763
29.089380 17.241225
34.565831 8.993709
31.358445 8.612170
20.776707 1.996506
21.293692 0.578007
52.265241 7.705921
52.970247 5.567111
37.200564 0.444537
34.011159 0.000000
22.339014 51.298100
21.272846 51.160149
66.280025 9.047785
66.515028 8.334848
19.508224 65.060939
17.375890 64.785037
80.016172 11.415144
80.580586 9.257542
0.000000 64.940147
0.556337 62.781596
13.560254 85.856821
10.361759 85.442968
15.570621 74.962379
13.438289 74.686477
