29
30.610965 71.071716
28.737115 83.470285
26.604521 83.195442
32.823348 69.126242
30.690751 68.851399
38.135466 50.478987
34.936566 50.066721
18.110761 64.561802
18.738539 62.412132
43.888142 67.223274
44.306663 65.790161
23.788908 96.959705
21.656316 96.684862
42.994241 29.542705
40.861636 29.267861
40.542483 38.149130
39.476182 38.011708
0.000000 62.169048
0.627774 60.019378
66.050973 70.895627
66.469498 69.462514
20.315628 109.152143
19.249334 109.014722
46.263257 18.067473
44.130650 17.792628
14.799259 128.516604
13.732966 128.379183
51.371108 0.137423
50.304803 0.000000
