37
72.890209 45.648019
53.582705 43.592336
53.976193 42.155989
81.146635 47.751253
81.540126 46.314906
40.549088 61.702408
43.145165 50.126346
42.083808 49.972591
45.888243 41.559615
44.826886 41.405860
50.835637 29.577169
47.651563 29.115904
33.296046 41.077966
33.689532 39.641619
102.500988 50.398000
102.894482 48.961654
37.365022 61.241144
34.834364 79.549765
31.650303 79.088501
54.264500 18.868757
52.141782 18.561247
20.286673 40.208125
20.680157 38.771778
122.472437 49.009679
124.599553 49.303099
115.737882 67.462727
30.344186 90.104425
29.282834 89.950671
60.207879 0.307511
58.085157 0.000000
0.000000 37.693783
0.393482 36.257436
125.553080 35.270839
127.680199 35.564260
118.928552 67.902856
112.248048 78.908732
114.375159 79.202152
