27
16.701386 73.214287
15.923755 81.304968
12.731613 80.869518
18.944832 71.284842
16.816736 70.994542
24.123836 54.107484
20.931687 53.672033
10.975474 94.042838
8.847382 93.752539
11.506064 44.438543
12.077621 43.029461
30.497354 42.638308
27.445147 41.873458
33.389933 33.231917
41.089708 51.073674
40.628295 51.734735
6.860554 111.365349
4.732465 111.075050
35.424739 33.741817
42.746004 18.431268
41.728599 18.176318
2.128086 123.387497
0.000000 123.097199
46.372798 1.702801
43.132215 1.482129
45.413100 1.405286
46.004950 0.000000
