34
45.074521 50.277519
27.916948 48.414322
28.123912 47.697399
56.485720 52.890248
56.899650 51.456402
58.035833 49.154026
60.960326 50.118477
50.907347 59.851226
52.888783 60.448623
44.246746 69.847812
47.218897 70.743907
14.920763 47.460589
15.334689 46.026742
68.091018 37.016232
69.065849 37.337717
79.932600 55.953164
80.346534 54.519318
34.580525 86.141050
36.561957 86.738447
0.000000 45.511498
0.620885 43.360727
80.994713 19.310949
81.969546 19.632434
92.721801 57.623855
93.342706 55.473086
23.035544 103.468474
24.026258 103.767172
97.605032 4.066480
83.284057 0.000000
82.877521 1.434804
112.179255 59.204001
112.368876 58.484911
1.218467 110.681008
1.529046 108.500044
