29
63.400108 66.647632
60.287374 82.620129
57.094146 82.188319
63.716917 67.441605
62.652507 67.297668
68.424881 51.691086
67.360469 51.547148
63.202525 88.599351
63.379385 87.878846
79.270600 90.383744
79.447462 89.663240
53.873036 100.374512
52.808628 100.230575
35.331944 85.504051
35.762611 84.072548
74.202855 32.360904
73.138441 32.216967
50.021099 113.261303
47.892286 112.973430
19.154519 84.047266
19.800515 81.900011
79.119265 19.618055
76.990434 19.330179
47.447571 125.576097
44.254355 125.144289
0.000000 81.440236
0.645993 79.292981
83.832857 0.143938
82.768440 0.000000
