31
24.517040 51.686558
16.750723 71.490133
19.938930 71.938294
23.048301 61.930877
20.922828 61.632103
28.378666 44.775305
25.190451 44.327144
18.738517 72.064935
12.879567 91.088927
10.754099 90.790154
0.000000 71.821779
0.418527 70.388648
18.110722 74.214630
33.025428 76.185224
33.443961 74.752094
33.709047 27.619735
31.583567 27.320960
7.279404 112.682782
4.091208 112.234623
10.610849 101.960548
8.485383 101.661775
50.127739 78.304941
50.521220 76.868604
37.754603 11.029593
35.629120 10.730818
2.558702 127.831117
0.508827 127.349404
70.414411 80.819265
70.807895 79.382928
40.965359 0.287872
38.836551 0.000000
