43
36.718628 68.765031
24.397101 83.915526
24.965974 81.758206
38.320098 85.306999
38.803599 83.883006
30.366738 78.056893
29.405653 77.717191
37.892636 69.991839
35.009380 68.972732
42.991387 61.893901
41.069215 61.214496
50.517305 53.828851
47.634045 52.809742
22.307445 88.371933
20.303426 87.809646
56.313197 88.071648
56.554949 87.359652
64.151989 36.372831
61.268726 35.353721
53.108814 32.022873
52.489311 34.173873
13.279036 104.830284
10.273012 103.986854
0.000000 80.262530
0.379245 78.824317
78.539955 91.486821
79.023461 90.062829
79.548851 36.212667
79.342349 36.929666
74.748767 17.384359
77.674162 18.347609
33.923294 29.522479
33.510295 30.956479
4.336303 117.356099
2.332288 116.793813
93.841294 92.339622
93.116032 94.475610
95.743270 37.579357
95.330264 39.013357
88.607246 0.000000
89.590405 0.309810
14.737765 27.022100
14.324769 28.456101
