31
44.357463 20.358727
62.979086 8.681288
39.922887 4.238502
39.516365 5.673291
44.430435 17.909692
47.313853 18.928576
33.779029 33.119535
35.701306 33.798790
80.246138 10.151541
80.042875 10.868935
63.385610 7.246499
19.659615 1.640705
19.253096 3.075495
24.186081 45.403630
25.147218 45.743258
97.513187 11.621807
97.106657 13.056595
6.861754 0.000000
6.251979 2.152184
7.019346 55.289650
7.433260 53.855818
19.808595 56.960241
20.015554 56.243326
35.588191 59.765406
36.002110 58.331575
13.583373 58.980793
15.505646 59.660046
0.000000 74.804461
1.922272 75.483714
53.706279 62.132101
54.120201 60.698270
