27
68.485515 24.329360
48.522608 20.833327
48.825118 20.131944
61.775220 24.180047
62.682756 22.075900
89.753348 27.357319
90.196120 25.927398
29.797735 17.177796
30.012701 16.461950
89.067309 48.482526
87.188853 47.749868
103.226882 32.056226
101.348424 31.323567
109.667399 20.216968
112.485087 21.315958
15.748110 16.013853
16.178040 14.582160
78.747531 60.453052
76.832308 59.764813
120.259479 10.841143
119.320249 10.474813
0.000000 13.129028
0.429928 11.697336
68.069919 72.347739
67.112308 72.003620
129.912346 1.098992
127.094655 0.000000
