42
48.121590 67.714174
31.023077 64.939851
31.579414 62.781311
50.531301 65.060643
48.398967 64.784742
53.362091 51.297867
52.295922 51.159916
44.583330 85.856430
41.384835 85.442580
46.593698 74.962038
44.461366 74.686137
18.371389 62.723580
18.742278 61.284553
57.901678 34.034450
55.763425 33.780092
38.184523 104.362980
37.118360 104.225030
0.000000 61.322699
0.556329 59.164158
63.319840 17.622683
60.112456 17.241146
34.123161 122.428335
31.990838 122.152435
35.518209 113.685231
33.385884 113.409331
51.799784 1.996497
52.316769 0.578004
68.671802 4.778266
69.188790 3.359774
83.288317 7.705886
65.588908 8.993668
62.381521 8.612131
68.223641 0.444535
65.034236 0.000000
28.790553 141.072837
26.658233 140.796938
30.185594 132.329733
29.119433 132.191783
21.807284 127.743736
22.013305 127.026759
48.456862 131.207983
48.662883 130.491007
