-43.09366472881658 -22.920737757745
-43.09331331642517 -22.920662165349587
-43.09290491873321 -22.920574313756543
-43.09248702396866 -22.92048441802229
-43.092114793726864 -22.920412602800436
-43.09153636523365 -22.920333577508966
-43.09109463461891 -22.92026130002442
-43.090586884697814 -22.920172213079805
-43.09004205754866 -22.920070384560887
-43.089723005283474 -22.91996839220713
-43.089813991070855 -22.919472550000446
-43.089901418483464 -22.919058092636316
-43.090008783424764 -22.918555692822128
-43.09010552125278 -22.918115461606078
-43.09018871528224 -22.917736862713415
-43.09029256138183 -22.91727046244647
-43.09040032544647 -22.916786462098074
-43.090486536144 -22.91639926176702
-43.09058842087876 -22.91594166131579
-43.09132330549704 -22.915924163231725
-43.091214473596494 -22.916389597899517
-43.09109332022422 -22.916907723197216
-43.09101939567756 -22.917223867401525
-43.09090029429376 -22.917733210769857
-43.09081474769346 -22.9181296991351
-43.09071969532823 -22.918570241709425
-43.0906303455414 -22.918984351677704
-43.09053148982173 -22.9194425158397
-43.090459248680816 -22.91977732807324
-43.09206139933087 -22.916091765781495
-43.091926296532336 -22.916447945943265
-43.091852136518696 -22.916745308647787
-43.091774033564036 -22.917088186275375
-43.091695930214144 -22.917431063864775
-43.09161782646913 -22.917773941415984
-43.09151834013693 -22.918222821087554
-43.09142991051442 -22.918627939570385
-43.09134340276353 -22.91902425108231
-43.09127035137965 -22.919358914100332
-43.09121460139659 -22.919614314802143
-43.091114635383576 -22.920072274632528
-43.09266715266426 -22.916151758611072
-43.09259924512378 -22.91647819696672
-43.09249830087799 -22.916963443117712
-43.092393685169554 -22.91746633451598
-43.092303751746954 -22.917898644610606
-43.09224501940622 -22.918180969543034
-43.092166097437996 -22.918560343636994
-43.09206003822874 -22.919026283780607
-43.091978670495166 -22.91936851698135
-43.09189730235056 -22.91971075014065
-43.0917609615816 -22.92026253212351
-43.09339747020738 -22.916377603896596
-43.09326387801116 -22.916874434556618
-43.09317642187 -22.91727973211658
-43.093077557776155 -22.917737894517998
-43.09300150801823 -22.918090327092834
-43.09292555234333 -22.91845192975803
-43.09282983135489 -22.918910658197152
-43.09272122406395 -22.919431138472078
-43.0926641588818 -22.91970461112932
-43.09259743832416 -22.92003124930806
-43.092520148348626 -22.920429161905528
-43.093852452636156 -22.916554429723067
-43.09376748743148 -22.916868058330493
-43.093680588609686 -22.917300894563912
-43.09359723615705 -22.91771606396788
-43.09348905455272 -22.918254900789027
-43.09454191559115 -22.916783763756644
-43.09447721867963 -22.917183589320803
-43.094418971758216 -22.917538887570547
-43.09434877975434 -22.917965204550182
-43.09429400414422 -22.918284632859553
-43.09423102319329 -22.918639245584696
-43.09414599838658 -22.91911797272425
-43.09407671847032 -22.919508046656365
-43.09400756144919 -22.91993442355317
-43.09394655420067 -22.920398155583424
-43.093795462090156 -22.91990851962846
-43.09349755687015 -22.91986095554536
-43.09309394367983 -22.919796512998076
-43.09391466488921 -22.919151249886763
-43.093435869298446 -22.919066021223898
-43.092880467167674 -22.91896715417703
-43.092382521118736 -22.918878513113913
-43.091894803794844 -22.918788539121653
-43.091378076530134 -22.91869502093577
-43.09100229613159 -22.918640761629707
-43.09037828926262 -22.91853833519835
-43.09402120604227 -22.917565591352588
-43.093483618655284 -22.917476772700912
-43.09309049994761 -22.91740943110776
-43.0927651104526 -22.917350589741712
-43.09237272937855 -22.91727963309525
-43.09193249744317 -22.91720002205196
-43.09150183626775 -22.917122140509623
-43.09109889584653 -22.91705426122142
-43.09062879919861 -22.91697506743396
-43.09406794844722 -22.916337797596174
-43.09364675204188 -22.91626215589736
-43.093273419257514 -22.91619510891775
-43.09267034400142 -22.9160868004154
-43.09219171353192 -22.916000839666122
-43.0916465918404 -22.915900446159
-43.09122595223482 -22.915822226219994
-43.09468699419216 -22.91614193427842
-43.09464536845019 -22.915626345867068
-43.094373169190476 -22.91541689762072
-43.09395349099026 -22.915288165783416
-43.09400739362093 -22.91565905518719
-43.093909629753966 -22.916108073154604
-43.09359035804971 -22.915423747245516
-43.09347879425604 -22.915833185106994
-43.09298405003818 -22.914781141812128
-43.09285644982572 -22.915270276251828
-43.09275879738982 -22.915719455464018
-43.093657965005264 -22.914963566928275
-43.09221291670167 -22.915044518916307
-43.09211656860191 -22.91550313553434
-43.09157142678458 -22.91475215209357
-43.09148761169797 -22.915139798205225
-43.09139808141674 -22.915553874685006
-43.09078373251492 -22.91496896601433
-43.09068493080389 -22.91547285375149
-43.09017614136337 -22.915624863823705
-43.08963100845369 -22.91552451736964
-43.08922933208942 -22.915450576686897
-43.08878940133616 -22.915369592875578
-43.08842581952695 -22.915303445427256
-43.08794713139366 -22.91521777063043
-43.08743014888944 -22.915125240238854
-43.08700890440798 -22.91504984386804
-43.08669297135441 -22.914993295861024
-43.08617599056265 -22.914900761410976
-43.08574382318017 -22.91483042387822
-43.08541798912029 -22.91477418891359
-43.08499960308609 -22.914686325335722
-43.084628761372926 -22.914608445339347
-43.090104188056046 -22.914609525749754
-43.08999350392867 -22.915166205954186
-43.08994255378667 -22.915422455546327
-43.089858222093824 -22.91584659276657
-43.089382158587 -22.91453831559217
-43.089280462088766 -22.915041714429503
-43.089201959012144 -22.915430302961422
-43.08910860728969 -22.915788434792212
-43.088710840026295 -22.914543650340452
-43.0886143874572 -22.914919570659404
-43.0885201774546 -22.915286748589136
-43.088425966941486 -22.91565392646332
-43.087411639773336 -22.91560685217478
-43.08757491880266 -22.915320556399163
-43.08778808760826 -22.914946781107624
-43.08802846804252 -22.914525289480235
-43.086939917299446 -22.914250875066276
-43.086451779887 -22.915210899149
-43.08667151878893 -22.914780036538577
-43.0868506722897 -22.91441100906954
-43.08556105401976 -22.91463308950909
-43.08538579751098 -22.914963726648875
-43.08517536259063 -22.915328672756935
-43.08417274253338 -22.914505598044126
-43.08397516356615 -22.914906390095574
-43.083907717350826 -22.9151788797054
-43.08441755427839 -22.915257316197454
-43.08490602365276 -22.91534371588385
-43.085394493649915 -22.915430114076717
-43.08585431801782 -22.915511008214533
-43.08643872016569 -22.915613610811857
-43.08682193516921 -22.915680890043003
-43.087291374067036 -22.91576330584841
-43.087808715554445 -22.915854129832113
-43.088181574366615 -22.915923252745493
-43.08853435844344 -22.915993162653965
-43.08893481648522 -22.916072518903285
-43.08941155286078 -22.916166989319805
-43.090017668738824 -22.917169162225445
-43.08956769303768 -22.917088640493194
-43.08913805860442 -22.91700624503717
-43.0886713715895 -22.916911475467302
-43.08836659674847 -22.91684958440004
-43.087842765640744 -22.91674320776968
-43.08967569294941 -22.916666612941327
-43.08969014078809 -22.916594135346088
-43.08791025807102 -22.916193004104798
-43.087731031739224 -22.916502016285154
-43.08753342227237 -22.91684272178941
-43.08724190597809 -22.91732033568496
-43.08692101801023 -22.91783430179889
-43.08669805337718 -22.91818249272867
-43.08976704056715 -22.917981543465224
-43.089394202218614 -22.917912180048106
-43.08893532477521 -22.91782680849399
-43.088428648269655 -22.917732542538385
-43.0879410922978 -22.917641832271393
-43.087470240724315 -22.917526338909422
-43.088988984536115 -22.918240862905353
-43.08887461445579 -22.918760294816806
-43.08881452135034 -22.919033216635764
-43.08866945530707 -22.919432443067596
-43.08859337026172 -22.91974242636787
-43.08944227184503 -22.9186994489179
-43.08955876615346 -22.91937440072886
-43.0890368032633 -22.919261480432972
-43.08811539807982 -22.918900172606353
-43.088521508925965 -22.919075788039788
-43.08920308020345 -22.919906518902167
-43.088722334573845 -22.91978926303817
-43.08841942857481 -22.91966780496507
-43.087949960572075 -22.919447944239348
-43.08758481984535 -22.919276940498744
-43.09235188197522 -22.921099729045462
-43.09215642477767 -22.92135532524377
-43.091926192506435 -22.921634189218043
-43.091611854995335 -22.92202340990957
-43.091644072508075 -22.920824839324723
-43.091568951054796 -22.921232230613928
-43.091501994596115 -22.921595340211493
-43.09144505574881 -22.922090349006414
-43.09091614129943 -22.920975564935777
-43.090846901760756 -22.921292608188786
-43.09077026369482 -22.921717946538966
-43.09070051532126 -22.92211705130695
-43.09063120356615 -22.922488571377556
-43.090136620980104 -22.92127571177865
-43.090242619740366 -22.920763917551177
-43.08965025159421 -22.92020797076292
-43.08957520741819 -22.92054225963976
-43.089496213148664 -22.920894142629923
-43.088429951726084 -22.92023645905312
-43.0883521823489 -22.920570219103592
-43.0875066095677 -22.92071439954229
-43.08811526059969 -22.92084174796967
-43.088573119171144 -22.920931684725524
-43.08905025658237 -22.92102448912063
-43.08954682082435 -22.92111951379124
-43.08998608977282 -22.921203572789942
-43.09053025621728 -22.921308369376796
-43.09093089146131 -22.92138703107448
-43.09141737774024 -22.921482547499245
-43.089113067656115 -22.92048723139877
-43.08879744233593 -22.920429185342087
-43.0880567929197 -22.920263363403667
-43.08834028432045 -22.920330067205413
-43.08776276940557 -22.91902465751918
-43.08747921484462 -22.919223150157077
-43.087237143458026 -22.919581686443475
-43.08700648807303 -22.9198931451724
-43.0867177991737 -22.920255141817982
-43.0863297545888 -22.920705469791006
-43.088248884012046 -22.9209795712077
-43.08767486034492 -22.92075371621989
-43.088204771139885 -22.92136380076278
-43.08809988887924 -22.92155218124812
-43.087655479343994 -22.92156229436531
-43.08666841578997 -22.92112663051515
-43.08698447521596 -22.921287045054584
-43.08736217915458 -22.92149036898329
-43.0871415483806 -22.916080129119067
-43.08695137669122 -22.91642440655921
-43.0867523587724 -22.91678469666112
-43.08656337248863 -22.91711942401256
-43.08636471037585 -22.917449275350425
-43.08618292850451 -22.91773639972211
-43.08599445046116 -22.916011262860838
-43.085789360924366 -22.916348196823563
-43.08553180517788 -22.91677132282242
-43.086715898201874 -22.916346335835467
-43.08626569965071 -22.916266891031224
-43.08588255236327 -22.916199277432522
-43.08545151212195 -22.91612321103558
-43.0849917363978 -22.916042072263615
-43.085890277429144 -22.916877879437486
-43.086246304739575 -22.916929443072277
-43.085436345379094 -22.917162878704556
-43.08568269164118 -22.91740575702922
-43.08594901291781 -22.917668327763682
-43.08634849676764 -22.918062183032887
-43.08658153008571 -22.918291931478546
-43.086921253023434 -22.91863876735226
-43.08708040338229 -22.918808848523465
-43.08737305040853 -22.91912199121915
-43.087740385282245 -22.918247440203242
-43.087866266790684 -22.918634697718876
-43.08681583505256 -22.91933266971538
-43.08568988660147 -22.918237038038853
-43.085419627375586 -22.918483566868446
-43.085142437404556 -22.91873641647511
-43.084712790905314 -22.919128332414832
-43.085282308242085 -22.917912308275394
-43.08499929027488 -22.91761519464275
-43.084708379688436 -22.91731253328368
-43.084339993031335 -22.916941137359238
-43.083925800651855 -22.916601186653764
-43.084794568156326 -22.91647851103257
-43.08509597151249 -22.916820101272858
-43.083865355417345 -22.91799086233125
-43.08416984693338 -22.917725243922696
-43.084453093783736 -22.917478156509947
-43.08469385279443 -22.91726813181423
-43.08497709773394 -22.917021043472356
-43.08497048576237 -22.917890175542556
-43.08465327810109 -22.918156384459607
-43.08432885988577 -22.918428642927793
-43.08403671855399 -22.91852590713919
-43.083689391602434 -22.918199678207593
-43.083541248598635 -22.917338100596357
-43.08394058026249 -22.917008217389863
-43.08337395524609 -22.917841149911645
-43.083009726893124 -22.917445335025015
-43.08277008198718 -22.917103033326853
-43.08296068176753 -22.916894914866045
-43.08322921160902 -22.916700803548974
-43.08354377415935 -22.916473415432016
-43.08460742405123 -22.916434520005723
-43.084779939120835 -22.916054034162272
-43.084979182812845 -22.915683797034166
-43.08432625351395 -22.91603622133127
-43.08400569050576 -22.915788169198372
-43.0837891074093 -22.915551797220147
-43.08401306838249 -22.916055338247673
-43.08361122600098 -22.916233884628895
-43.08323813427859 -22.9160574861221
-43.08298600071669 -22.91588629693301
-43.08913487472637 -22.91783801468338
-43.08951231352893 -22.91792888839197
-43.08975952980802 -22.917980586702885
-43.0900818998839 -22.918159853070208
-43.09003670585014 -22.91844384374395
-43.09044087557572 -22.918545389085676
-43.09073832700119 -22.91846583193842
-43.09084345552344 -22.918008854077087
-43.08917080120733 -22.917388763639696
-43.086665916156335 -22.91953108099197
-43.08644241631225 -22.91976840738611
-43.08599159716226 -22.91988137719391
-43.0856267053872 -22.919979774267116
-43.08646463425396 -22.919104635391527
-43.08616729619928 -22.918807298280342
-43.08582370718335 -22.918463708040342
-43.10924104045267 -22.912665752923967
-43.109505706825246 -22.91315080228527
-43.10976612430255 -22.913559635279583
-43.11018557878697 -22.91381951357989
-43.11064862862759 -22.913852105021085
-43.111069090745104 -22.914244205128515
-43.111083505837996 -22.91455852499068
-43.11080921337884 -22.914885905283555
-43.11049984765555 -22.915073140398096
-43.11004325402058 -22.91511927686395
-43.10963589850934 -22.915027478072606
-43.10909940807244 -22.91499358253293
-43.10869618429501 -22.915088683086463
-43.10832822813518 -22.91523285777763
-43.10790669002853 -22.9151970971924
-43.107631277810015 -22.914930494272657
-43.10731311325998 -22.91477422269466
-43.106774525684955 -22.914800547990946
-43.10634690995943 -22.914584658036485
-43.105850294493735 -22.914492841828807
-43.105552377453705 -22.914568622427907
-43.10521869561069 -22.914528618959427
-43.1047075503364 -22.91427052472426
-43.10434881442876 -22.91403765357389
-43.10401403755793 -22.91385368833875
-43.10355869258308 -22.913779372765497
-43.10309544484767 -22.91380035242432
-43.102653818808676 -22.913848755767397
-43.10228338191888 -22.913793553272228
-43.10192175703571 -22.913636381858655
-43.10156934648808 -22.91350684822087
-43.10114183709254 -22.913438508355693
-43.1006347042495 -22.913375457371824
-43.10032524989731 -22.913294013565338
-43.099890090212966 -22.913194236212764
-43.099373768529404 -22.91318924560091
-43.0989120869242 -22.91343953256336
-43.098627466447056 -22.913595927568057
-43.09821172372364 -22.913746018608297
-43.09776620592311 -22.913792349348576
-43.09735858527796 -22.913823803972978
-43.09696519890895 -22.91392169524027
-43.09652263566312 -22.91425589403699
-43.0962366205157 -22.91452551889566
-43.095886428245706 -22.91489977216363
-43.0955999058591 -22.915205978811912
-43.095364604662336 -22.915457974227333
-43.09526734634852 -22.915056971620462
-43.0957694885044 -22.914439166676296
-43.09614356933804 -22.914137243002674
-43.09645812688143 -22.91380587213291
-43.09681331770048 -22.913494201371723
-43.09736745763905 -22.91348416580033
-43.097858479720344 -22.913454387650187
-43.09816138405586 -22.913332169729255
-43.09848520187967 -22.913087447019727
-43.09879357999853 -22.912933863750098
-43.099179763606514 -22.912691544473436
-43.099526868925636 -22.91247569924049
-43.09984989984724 -22.912308995735334
-43.100301098651926 -22.91232774963448
-43.10074538766048 -22.91227090464962
-43.10129037492857 -22.912171098525313
-43.10731183965959 -22.913700000008223
-43.10207629503208 -22.913481789848934
-43.10210228081678 -22.913329495251876
-43.10252086116401 -22.913349262113115
-43.102370582245555 -22.91317385563021
-43.10195192173376 -22.912879604769472
-43.10164604424011 -22.912590723308185
-43.101811424201514 -22.91258127680588
-43.10229167103347 -22.912730718165083
-43.10269280155126 -22.912843380513884
-43.1010010497817 -22.911790107781986
-43.100607037758664 -22.91184559548448
-43.1002328832235 -22.911774721514497
-43.099733442478964 -22.91144174453217
-43.09941385335998 -22.91128765395099
-43.098936714773686 -22.911229341952808
-43.09864368395853 -22.911248183215747
-43.09814834911032 -22.911113223845327
-43.09775482366604 -22.91093798364394
-43.09912684316225 -22.91160347999985
-43.10660897713285 -22.9136921069127
-43.10610758487394 -22.91357638250289
-43.105628108329824 -22.91345543996094
-43.10516255269556 -22.91335859721331
-43.10477150915949 -22.913247589364104
-43.104358422489554 -22.913111178346405
-43.103900426398866 -22.91295697791565
-43.103477553905066 -22.91277201777203
-43.10301403493281 -22.91256152679158
-43.10257386565445 -22.912348193313154
-43.102288548274544 -22.912211041351096
-43.101803350957766 -22.911980105736678
-43.10144459475714 -22.911846453071266
-43.1009435379118 -22.91181164014521
-43.10440061184232 -22.911450540806594
-43.104253554770935 -22.911897594137432
-43.103884532017275 -22.91209258453798
-43.10408351151784 -22.912244831453037
-43.10456948119861 -22.912377145151297
-43.10502762681409 -22.912570160960335
-43.10477008412158 -22.912682750752488
-43.104591262777944 -22.913142469848992
-43.10253621045814 -22.911679483039837
-43.102071086642354 -22.911723604743575
-43.10223082907072 -22.91130278769063
-43.10189131134558 -22.9112762153598
-43.101869345102955 -22.911107861849985
-43.102258444362064 -22.91095801058757
-43.10193794213217 -22.910796356564816
-43.10144568927399 -22.910730758170878
-43.101250095657065 -22.91058991401124
-43.101424970434095 -22.910292144044817
-43.1018961103963 -22.91040203995758
-43.10236422063389 -22.9105567769297
-43.10280646877948 -22.910698139235663
-43.10312390792012 -22.91078571153512
-43.103978961001076 -22.911012109669894
-43.10443290087301 -22.91114966708266
-43.105011365016935 -22.91131181852567
-43.10552702199027 -22.911446316355185
-43.10580485111154 -22.91149506090561
-43.10607080256898 -22.911552124740176
-43.10660270615563 -22.91166625108128
-43.10704564045545 -22.911831473185035
-43.10757897094311 -22.912030412456094
-43.108062957452375 -22.91219542408109
-43.1085353166672 -22.912306951295665
-43.10908817865834 -22.911809228130686
-43.10871346608633 -22.91168763499596
-43.10822600439167 -22.911596884753894
-43.10769350442769 -22.911485143967028
-43.10711346082303 -22.911363424304763
-43.10657145380594 -22.91124968435657
-43.10616484675654 -22.91104455503135
-43.105913403143745 -22.91085952247619
-43.105578146061134 -22.910612811787125
-43.10522765132487 -22.910354886223715
-43.10480267910276 -22.91005354702187
-43.104423533711554 -22.909893038898613
-43.10412402213217 -22.909784641917287
-43.1035839253874 -22.909601873018183
-43.103125523325275 -22.909448729604804
-43.10270514642656 -22.909263427222363
-43.10234128592805 -22.909038442829264
-43.10196669922129 -22.908779845494667
-43.101584310098815 -22.908515859809867
-43.1011863148384 -22.90824109822731
-43.10078051741027 -22.90796094814213
-43.100327899180286 -22.907648471831408
-43.10000794617292 -22.907427582631435
-43.09960995730154 -22.907152817122835
-43.09923857324793 -22.906890350862387
-43.10697931144978 -22.910446897749146
-43.107383461522545 -22.910082369779463
-43.10761340800764 -22.909874965478412
-43.10788582569376 -22.90960536157242
-43.10822468520587 -22.909269999968046
-43.10849710046091 -22.909000395019945
-43.10882736864073 -22.90868232220789
-43.10912115417818 -22.908406683067355
-43.10939444197783 -22.908150274079613
-43.109657646495066 -22.90790996895908
-43.110127292545485 -22.907466114664604
-43.11036392248434 -22.907239523138973
-43.110789854381096 -22.906831657509848
-43.111183786929644 -22.90644538965758
-43.11158703552417 -22.906042526345082
-43.11204316629221 -22.905586827273353
-43.112355515037905 -22.905290225897343
-43.1127023529117 -22.904961867758765
-43.11309014039426 -22.90459501008707
-43.11339072298654 -22.90432573995818
-43.113754631869256 -22.90397510921171
-43.114017453780946 -22.903721875379482
-43.11425331876336 -22.903494613879985
-43.11451064220665 -22.90322456046831
-43.11485802722939 -22.902859987705373
-43.11497094596882 -22.90435344874161
-43.114532279636364 -22.903970149573606
-43.11413606701592 -22.903623942838557
-43.113807756779124 -22.90332933461279
-43.11341020503278 -22.902971459440792
-43.113075426242176 -22.902670090107907
-43.112824343125624 -22.90244406264807
-43.11234310282481 -22.90201084224748
-43.11133684326114 -22.90284177376649
-43.111717374298905 -22.90317709446196
-43.11205562569006 -22.90347515654175
-43.112423397013345 -22.90380963652157
-43.11286364324974 -22.9042171598679
-43.113131919597436 -22.904465493812392
-43.11350539083713 -22.904794621610378
-43.113815443809585 -22.90506785911924
-43.11408544886024 -22.905314554364256
-43.11041641102611 -22.903638731143445
-43.11071771101945 -22.903920152532713
-43.11110118554677 -22.904278324388436
-43.11155998808931 -22.904706850221107
-43.1118202057454 -22.904949894137847
-43.11218999033497 -22.905295271606477
-43.11248213785649 -22.90555971195463
-43.112809066195894 -22.905855632663396
-43.11303861247836 -22.9060634063784
-43.1094835295703 -22.90448549861208
-43.10986637462412 -22.90483153335884
-43.110200495540425 -22.905133526570186
-43.110463602425455 -22.90537388068217
-43.11082010599739 -22.90571860718989
-43.11118333791609 -22.90606983715338
-43.11147146248186 -22.906337889407148
-43.1117797728254 -22.90661279833814
-43.11210750484406 -22.90690796357542
-43.108611942253674 -22.905469289499848
-43.108931614109565 -22.90574624064157
-43.109393364651226 -22.906146280050674
-43.10977898260478 -22.906489696763302
-43.11018563638089 -22.90685184428858
-43.110487122479185 -22.907120332303123
-43.110886768682406 -22.90747623414335
-43.11127940559186 -22.90782589111833
-43.10919757060367 -22.907382169680634
-43.10946746125404 -22.90762902077224
-43.109830579183495 -22.9079678042755
-43.11014190318781 -22.908265323876797
-43.110514140203804 -22.908621053038708
-43.109338037474004 -22.910513978651434
-43.10900108744568 -22.910202139848206
-43.10863332943262 -22.909842475928073
-43.10833912442706 -22.90955474418255
-43.10810549362253 -22.90933818379403
-43.10780814865876 -22.909078697460462
-43.10762407853724 -22.908918062786213
-43.107270098760296 -22.908609149355158
-43.106986916100084 -22.908362018045732
-43.1067532911826 -22.908158134337654
-43.10657630307651 -22.908003676755673
-43.106244986903675 -22.9077119342575
-43.10903262174702 -22.91176677213032
-43.108888381960014 -22.91155264536603
-43.10854404266598 -22.91122300037127
-43.10818675240739 -22.910904278345175
-43.107864492046645 -22.910616802891244
-43.10750720498339 -22.9102980793456
-43.10727856027859 -22.910032758178453
-43.107043931981195 -22.9096664732853
-43.10677211309883 -22.90937236449252
-43.1066407135761 -22.908915534618064
-43.106306309834906 -22.90871029734858
-43.10603154253681 -22.908631644981583
-43.10564453072209 -22.908424572502785
-43.10525027379833 -22.908322060305753
-43.10471397452193 -22.908739403208703
-43.10447838766743 -22.908966685428382
-43.10418121302638 -22.909385809102634
-43.10404557320203 -22.909693809229484
-43.10381171099942 -22.91021714761696
-43.1093436715114 -22.911272306123315
-43.10911787692504 -22.911564913540804
-43.10876233134974 -22.911377573893667
-43.108449359446354 -22.91110716054018
-43.10811504992881 -22.910818309235438
-43.10772383847251 -22.91048029086298
-43.10741798360186 -22.91021602128644
-43.10723857099197 -22.9099176766007
-43.10683160265677 -22.909431605143748
-43.106701609744164 -22.90912772152044
-43.10661199251558 -22.908815043948465
-43.106210652394566 -22.90868988157037
-43.10587251525851 -22.908729654746608
-43.10561404315649 -22.908890088738193
-43.10542382458459 -22.909251677745583
-43.105312687655385 -22.909712416945162
-43.105493777424954 -22.91004037752338
-43.10604339901545 -22.909048935160406
-43.10594959709738 -22.909266257995665
-43.10627474809496 -22.909350216898478
-43.10657588379149 -22.90963174650136
-43.105647719500894 -22.90946617896497
-43.10616154060227 -22.909331988408148
-43.10651468934225 -22.90960114333198
-43.105786068426596 -22.90967808031943
-43.10664857546965 -22.91007922645117
-43.106124034877325 -22.910127291059624
-43.10508250574844 -22.907611087709835
-43.104738331984834 -22.90794162633433
-43.10486293422633 -22.90831008621035
-43.11281464436797 -22.901115356692333
-43.112609824539504 -22.901320177261724
-43.11231250433292 -22.901617496976044
-43.11200191695934 -22.90191559818268
-43.111701750238126 -22.902198041875035
-43.111469802369925 -22.902416293433017
-43.111176455467614 -22.902692316980186
-43.11088992943348 -22.902961920855308
-43.110569316722035 -22.90326364228181
-43.110289712546546 -22.90352691805072
-43.10991463206949 -22.903880092094443
-43.10960092689743 -22.90417547334592
-43.109280400636294 -22.90447727529296
-43.1089394136859 -22.90479834048836
-43.108564326175554 -22.90515151136298
-43.108168777229935 -22.905523945149792
-43.107807325431395 -22.905864271719597
-43.107483606647065 -22.906163172041886
-43.10718743714733 -22.90643663346446
-43.10680861395315 -22.906786408902594
-43.10649866624965 -22.90707258813856
-43.106106063946925 -22.907435080974434
-43.10576856204386 -22.907746696851817
-43.11133434820715 -22.90107734771002
-43.110959591780784 -22.900763149614104
-43.110554004632036 -22.90043985849831
-43.11031802754428 -22.90025176137553
-43.110738432937296 -22.90229238042829
-43.11045112066972 -22.90202348878006
-43.11009540229793 -22.901690574595243
-43.10969180087545 -22.90131284408068
-43.109301882992156 -22.900947917022442
-43.10890743614431 -22.900613282068093
-43.108589400095866 -22.900347954817942
-43.10828499936889 -22.900109272073657
-43.10790971814174 -22.8998225116239
-43.10757196639395 -22.899564426465787
-43.10980999599087 -22.903098384342798
-43.10952946181828 -22.902835950195886
-43.10913945269931 -22.90247110190522
-43.10886469378107 -22.90221604387255
-43.10865809048988 -22.90202523824929
-43.10831884755805 -22.901742034905205
-43.108003454959544 -22.901501325603725
-43.10770534538278 -22.901269592278968
-43.10737082205924 -22.90100795945371
-43.10699492979961 -22.90069453856194
-43.10671189611105 -22.900434550131397
-43.1064808022478 -22.90021553421875
-43.1061390792712 -22.899907939786644
-43.10587164065885 -22.899671650109628
-43.10557315591785 -22.899400361480957
-43.108753331765115 -22.903842964800617
-43.10838140131 -22.90351236233211
-43.108107717793644 -22.903269088264754
-43.10770070309809 -22.902907295195252
-43.10735042669717 -22.902608750204987
-43.10700492569208 -22.902332919597605
-43.106639867927754 -22.90200869713344
-43.10631511867041 -22.90172362853187
-43.106110386144564 -22.90154391103088
-43.111897540535324 -22.90032616911705
-43.11154234659955 -22.900659554880985
-43.11122130442453 -22.900960883642355
-43.110907091552804 -22.901255800529064
-43.1105556657277 -22.901592560004783
-43.110109622744176 -22.902019984380438
-43.10984605056876 -22.9022725527446
-43.10948712721148 -22.90261513403711
-43.109188811222566 -22.902899238080312
-43.10891083383524 -22.903163970892138
-43.10948666591446 -22.900639356592123
-43.109138192871 -22.900990966861446
-43.10884104768411 -22.901288434399476
-43.10853069465287 -22.90159912212717
-43.108266415679 -22.901850979962415
-43.10788838140451 -22.902201467188647
-43.107524091982214 -22.902539208578865
-43.10712543355419 -22.902908811412892
-43.106715029758334 -22.903292975633335
-43.10635405321199 -22.903633724603456
-43.10600669670953 -22.903961614352127
-43.10558390077779 -22.904359757376398
-43.105275952101124 -22.90464775690943
-43.10502274887608 -22.904884556080955
-43.10465147032278 -22.90524112592903
-43.1044017000155 -22.905480999705144
-43.10413842765399 -22.90573383920872
-43.103861653087165 -22.90599964437304
-43.103605129349035 -22.906245999950965
-43.10328784869921 -22.906550702332996
-43.10293681312726 -22.90688781912801
-43.1025780161861 -22.907230523548833
-43.1022595454798 -22.907534172738913
-43.10194107334712 -22.907837821294322
-43.110743823554685 -22.906867647545784
-43.11050705815626 -22.907094118401037
-43.11021314795187 -22.906844406634672
-43.109826048358855 -22.90651551714193
-43.109433377112 -22.906178968594112
-43.10913676823304 -22.90591877514953
-43.10884016049238 -22.90565858115445
-43.108479995480366 -22.90534263056321
-43.10811482123569 -22.90559495574981
-43.10780704620487 -22.9058703160659
-43.10600418684328 -22.904536823730226
-43.10618498313454 -22.904687487799716
-43.10643809861722 -22.904898417153383
-43.10672014251122 -22.90513345224669
-43.10710352844535 -22.905478980213058
-43.106472203469366 -22.906463162405906
-43.106190914849435 -22.906201408047394
-43.1059240843648 -22.905951758700052
-43.10550379308222 -22.905551365826657
-43.1051241772829 -22.905189719700637
-43.1045540370593 -22.906166033963576
-43.10490049934873 -22.906469188240187
-43.10520572048284 -22.90674675775443
-43.10545719314007 -22.90699749441194
-43.10649069250201 -22.905382568338947
-43.10611494671639 -22.905735146433848
-43.10563672198134 -22.90618388091326
-43.10538394477135 -22.906421068559965
-43.1050560162621 -22.906728770857157
-43.10472125437383 -22.907042882924767
-43.1044343143779 -22.907312121281702
-43.10415313917662 -22.90757397994362
-43.10383042085118 -22.907873800540138
-43.10363850208 -22.90805272542487
-43.10325588569731 -22.90841168571397
-43.102927927185306 -22.908719365232592
-43.104102784339716 -22.908685516329065
-43.1038598152964 -22.90847767762428
-43.10360970088283 -22.908263725630512
-43.10329527245432 -22.90799475685436
-43.102945114990746 -22.90769522271642
-43.10262354317274 -22.907420139668993
-43.104043800492036 -22.90759846791927
-43.103716300929705 -22.907290376339578
-43.103416094304976 -22.90700795846858
-43.103128537699035 -22.90673928823818
-43.10273447129566 -22.906378147760893
-43.10241645432518 -22.906086700351384
-43.10219522593462 -22.905883953954135