-43.09366472881658 -22.920737757745
-43.09331331642517 -22.920662165349587
-43.09290491873321 -22.920574313756543
-43.09248702396866 -22.92048441802229
-43.092114793726864 -22.920412602800436
-43.09153636523365 -22.920333577508966
-43.09109463461891 -22.92026130002442
-43.090586884697814 -22.920172213079805
-43.09004205754866 -22.920070384560887
-43.089723005283474 -22.91996839220713
-43.089813991070855 -22.919472550000446
-43.089901418483464 -22.919058092636316
-43.090008783424764 -22.918555692822128
-43.09010552125278 -22.918115461606078
-43.09018871528224 -22.917736862713415
-43.09029256138183 -22.91727046244647
-43.09040032544647 -22.916786462098074
-43.090486536144 -22.91639926176702
-43.09058842087876 -22.91594166131579
-43.09132330549704 -22.915924163231725
-43.091214473596494 -22.916389597899517
-43.09109332022422 -22.916907723197216
-43.09101939567756 -22.917223867401525
-43.09090029429376 -22.917733210769857
-43.09081474769346 -22.9181296991351
-43.09071969532823 -22.918570241709425
-43.0906303455414 -22.918984351677704
-43.09053148982173 -22.9194425158397
-43.090459248680816 -22.91977732807324
-43.09206139933087 -22.916091765781495
-43.091926296532336 -22.916447945943265
-43.091852136518696 -22.916745308647787
-43.091774033564036 -22.917088186275375
-43.091695930214144 -22.917431063864775
-43.09161782646913 -22.917773941415984
-43.09151834013693 -22.918222821087554
-43.09142991051442 -22.918627939570385
-43.09134340276353 -22.91902425108231
-43.09127035137965 -22.919358914100332
-43.09121460139659 -22.919614314802143
-43.091114635383576 -22.920072274632528
-43.09266715266426 -22.916151758611072
-43.09259924512378 -22.91647819696672
-43.09249830087799 -22.916963443117712
-43.092393685169554 -22.91746633451598
-43.092303751746954 -22.917898644610606
-43.09224501940622 -22.918180969543034
-43.092166097437996 -22.918560343636994
-43.09206003822874 -22.919026283780607
-43.091978670495166 -22.91936851698135
-43.09189730235056 -22.91971075014065
-43.0917609615816 -22.92026253212351
-43.09339747020738 -22.916377603896596
-43.09326387801116 -22.916874434556618
-43.09317642187 -22.91727973211658
-43.093077557776155 -22.917737894517998
-43.09300150801823 -22.918090327092834
-43.09292555234333 -22.91845192975803
-43.09282983135489 -22.918910658197152
-43.09272122406395 -22.919431138472078
-43.0926641588818 -22.91970461112932
-43.09259743832416 -22.92003124930806
-43.092520148348626 -22.920429161905528
-43.093852452636156 -22.916554429723067
-43.09376748743148 -22.916868058330493
-43.093680588609686 -22.917300894563912
-43.09359723615705 -22.91771606396788
-43.09348905455272 -22.918254900789027
-43.09454191559115 -22.916783763756644
-43.09447721867963 -22.917183589320803
-43.094418971758216 -22.917538887570547
-43.09434877975434 -22.917965204550182
-43.09429400414422 -22.918284632859553
-43.09423102319329 -22.918639245584696
-43.09414599838658 -22.91911797272425
-43.09407671847032 -22.919508046656365
-43.09400756144919 -22.91993442355317
-43.09394655420067 -22.920398155583424
-43.093795462090156 -22.91990851962846
-43.09349755687015 -22.91986095554536
-43.09309394367983 -22.919796512998076
-43.09391466488921 -22.919151249886763
-43.093435869298446 -22.919066021223898
-43.092880467167674 -22.91896715417703
-43.092382521118736 -22.918878513113913
-43.091894803794844 -22.918788539121653
-43.091378076530134 -22.91869502093577
-43.09100229613159 -22.918640761629707
-43.09037828926262 -22.91853833519835
-43.09402120604227 -22.917565591352588
-43.093483618655284 -22.917476772700912
-43.09309049994761 -22.91740943110776
-43.0927651104526 -22.917350589741712
-43.09237272937855 -22.91727963309525
-43.09193249744317 -22.91720002205196
-43.09150183626775 -22.917122140509623
-43.09109889584653 -22.91705426122142
-43.09062879919861 -22.91697506743396
-43.09406794844722 -22.916337797596174
-43.09364675204188 -22.91626215589736
-43.093273419257514 -22.91619510891775
-43.09267034400142 -22.9160868004154
-43.09219171353192 -22.916000839666122
-43.0916465918404 -22.915900446159
-43.09122595223482 -22.915822226219994
-43.09468699419216 -22.91614193427842
-43.09464536845019 -22.915626345867068
-43.094373169190476 -22.91541689762072
-43.09395349099026 -22.915288165783416
-43.09400739362093 -22.91565905518719
-43.093909629753966 -22.916108073154604
-43.09359035804971 -22.915423747245516
-43.09347879425604 -22.915833185106994
-43.09298405003818 -22.914781141812128
-43.09285644982572 -22.915270276251828
-43.09275879738982 -22.915719455464018
-43.093657965005264 -22.914963566928275
-43.09221291670167 -22.915044518916307
-43.09211656860191 -22.91550313553434
-43.09157142678458 -22.91475215209357
-43.09148761169797 -22.915139798205225
-43.09139808141674 -22.915553874685006
-43.09078373251492 -22.91496896601433
-43.09068493080389 -22.91547285375149
-43.09017614136337 -22.915624863823705
-43.08963100845369 -22.91552451736964
-43.08922933208942 -22.915450576686897
-43.08878940133616 -22.915369592875578
-43.08842581952695 -22.915303445427256
-43.08794713139366 -22.91521777063043
-43.08743014888944 -22.915125240238854
-43.08700890440798 -22.91504984386804
-43.08669297135441 -22.914993295861024
-43.08617599056265 -22.914900761410976
-43.08574382318017 -22.91483042387822
-43.08541798912029 -22.91477418891359
-43.08499960308609 -22.914686325335722
-43.084628761372926 -22.914608445339347
-43.090104188056046 -22.914609525749754
-43.08999350392867 -22.915166205954186
-43.08994255378667 -22.915422455546327
-43.089858222093824 -22.91584659276657
-43.089382158587 -22.91453831559217
-43.089280462088766 -22.915041714429503
-43.089201959012144 -22.915430302961422
-43.08910860728969 -22.915788434792212
-43.088710840026295 -22.914543650340452
-43.0886143874572 -22.914919570659404
-43.0885201774546 -22.915286748589136
-43.088425966941486 -22.91565392646332
-43.087411639773336 -22.91560685217478
-43.08757491880266 -22.915320556399163
-43.08778808760826 -22.914946781107624
-43.08802846804252 -22.914525289480235
-43.086939917299446 -22.914250875066276
-43.086451779887 -22.915210899149
-43.08667151878893 -22.914780036538577
-43.0868506722897 -22.91441100906954
-43.08556105401976 -22.91463308950909
-43.08538579751098 -22.914963726648875
-43.08517536259063 -22.915328672756935
-43.08417274253338 -22.914505598044126
-43.08397516356615 -22.914906390095574
-43.083907717350826 -22.9151788797054
-43.08441755427839 -22.915257316197454
-43.08490602365276 -22.91534371588385
-43.085394493649915 -22.915430114076717
-43.08585431801782 -22.915511008214533
-43.08643872016569 -22.915613610811857
-43.08682193516921 -22.915680890043003
-43.087291374067036 -22.91576330584841
-43.087808715554445 -22.915854129832113
-43.088181574366615 -22.915923252745493
-43.08853435844344 -22.915993162653965
-43.08893481648522 -22.916072518903285
-43.08941155286078 -22.916166989319805
-43.090017668738824 -22.917169162225445
-43.08956769303768 -22.917088640493194
-43.08913805860442 -22.91700624503717
-43.0886713715895 -22.916911475467302
-43.08836659674847 -22.91684958440004
-43.087842765640744 -22.91674320776968
-43.08967569294941 -22.916666612941327
-43.08969014078809 -22.916594135346088
-43.08791025807102 -22.916193004104798
-43.087731031739224 -22.916502016285154
-43.08753342227237 -22.91684272178941
-43.08724190597809 -22.91732033568496
-43.08692101801023 -22.91783430179889
-43.08669805337718 -22.91818249272867
-43.08976704056715 -22.917981543465224
-43.089394202218614 -22.917912180048106
-43.08893532477521 -22.91782680849399
-43.088428648269655 -22.917732542538385
-43.0879410922978 -22.917641832271393
-43.087470240724315 -22.917526338909422
-43.088988984536115 -22.918240862905353
-43.08887461445579 -22.918760294816806
-43.08881452135034 -22.919033216635764
-43.08866945530707 -22.919432443067596
-43.08859337026172 -22.91974242636787
-43.08944227184503 -22.9186994489179
-43.08955876615346 -22.91937440072886
-43.0890368032633 -22.919261480432972
-43.08811539807982 -22.918900172606353
-43.088521508925965 -22.919075788039788
-43.08920308020345 -22.919906518902167
-43.088722334573845 -22.91978926303817
-43.08841942857481 -22.91966780496507
-43.087949960572075 -22.919447944239348
-43.08758481984535 -22.919276940498744
-43.09235188197522 -22.921099729045462
-43.09215642477767 -22.92135532524377
-43.091926192506435 -22.921634189218043
-43.091611854995335 -22.92202340990957
-43.091644072508075 -22.920824839324723
-43.091568951054796 -22.921232230613928
-43.091501994596115 -22.921595340211493
-43.09144505574881 -22.922090349006414
-43.09091614129943 -22.920975564935777
-43.090846901760756 -22.921292608188786
-43.09077026369482 -22.921717946538966
-43.09070051532126 -22.92211705130695
-43.09063120356615 -22.922488571377556
-43.090136620980104 -22.92127571177865
-43.090242619740366 -22.920763917551177
-43.08965025159421 -22.92020797076292
-43.08957520741819 -22.92054225963976
-43.089496213148664 -22.920894142629923
-43.088429951726084 -22.92023645905312
-43.0883521823489 -22.920570219103592
-43.0875066095677 -22.92071439954229
-43.08811526059969 -22.92084174796967
-43.088573119171144 -22.920931684725524
-43.08905025658237 -22.92102448912063
-43.08954682082435 -22.92111951379124
-43.08998608977282 -22.921203572789942
-43.09053025621728 -22.921308369376796
-43.09093089146131 -22.92138703107448
-43.09141737774024 -22.921482547499245
-43.089113067656115 -22.92048723139877
-43.08879744233593 -22.920429185342087
-43.0880567929197 -22.920263363403667
-43.08834028432045 -22.920330067205413
-43.08776276940557 -22.91902465751918
-43.08747921484462 -22.919223150157077
-43.087237143458026 -22.919581686443475
-43.08700648807303 -22.9198931451724
-43.0867177991737 -22.920255141817982
-43.0863297545888 -22.920705469791006
-43.088248884012046 -22.9209795712077
-43.08767486034492 -22.92075371621989
-43.088204771139885 -22.92136380076278
-43.08809988887924 -22.92155218124812
-43.087655479343994 -22.92156229436531
-43.08666841578997 -22.92112663051515
-43.08698447521596 -22.921287045054584
-43.08736217915458 -22.92149036898329
-43.0871415483806 -22.916080129119067
-43.08695137669122 -22.91642440655921
-43.0867523587724 -22.91678469666112
-43.08656337248863 -22.91711942401256
-43.08636471037585 -22.917449275350425
-43.08618292850451 -22.91773639972211
-43.08599445046116 -22.916011262860838
-43.085789360924366 -22.916348196823563
-43.08553180517788 -22.91677132282242
-43.086715898201874 -22.916346335835467
-43.08626569965071 -22.916266891031224
-43.08588255236327 -22.916199277432522
-43.08545151212195 -22.91612321103558
-43.0849917363978 -22.916042072263615
-43.085890277429144 -22.916877879437486
-43.086246304739575 -22.916929443072277
-43.085436345379094 -22.917162878704556
-43.08568269164118 -22.91740575702922
-43.08594901291781 -22.917668327763682
-43.08634849676764 -22.918062183032887
-43.08658153008571 -22.918291931478546
-43.086921253023434 -22.91863876735226
-43.08708040338229 -22.918808848523465
-43.08737305040853 -22.91912199121915
-43.087740385282245 -22.918247440203242
-43.087866266790684 -22.918634697718876
-43.08681583505256 -22.91933266971538
-43.08568988660147 -22.918237038038853
-43.085419627375586 -22.918483566868446
-43.085142437404556 -22.91873641647511
-43.084712790905314 -22.919128332414832
-43.085282308242085 -22.917912308275394
-43.08499929027488 -22.91761519464275
-43.084708379688436 -22.91731253328368
-43.084339993031335 -22.916941137359238
-43.083925800651855 -22.916601186653764
-43.084794568156326 -22.91647851103257
-43.08509597151249 -22.916820101272858
-43.083865355417345 -22.91799086233125
-43.08416984693338 -22.917725243922696
-43.084453093783736 -22.917478156509947
-43.08469385279443 -22.91726813181423
-43.08497709773394 -22.917021043472356
-43.08497048576237 -22.917890175542556
-43.08465327810109 -22.918156384459607
-43.08432885988577 -22.918428642927793
-43.08403671855399 -22.91852590713919
-43.083689391602434 -22.918199678207593
-43.083541248598635 -22.917338100596357
-43.08394058026249 -22.917008217389863
-43.08337395524609 -22.917841149911645
-43.083009726893124 -22.917445335025015
-43.08277008198718 -22.917103033326853
-43.08296068176753 -22.916894914866045
-43.08322921160902 -22.916700803548974
-43.08354377415935 -22.916473415432016
-43.08460742405123 -22.916434520005723
-43.084779939120835 -22.916054034162272
-43.084979182812845 -22.915683797034166
-43.08432625351395 -22.91603622133127
-43.08400569050576 -22.915788169198372
-43.0837891074093 -22.915551797220147
-43.08401306838249 -22.916055338247673
-43.08361122600098 -22.916233884628895
-43.08323813427859 -22.9160574861221
-43.08298600071669 -22.91588629693301
-43.08913487472637 -22.91783801468338
-43.08951231352893 -22.91792888839197
-43.08975952980802 -22.917980586702885
-43.0900818998839 -22.918159853070208
-43.09003670585014 -22.91844384374395
-43.09044087557572 -22.918545389085676
-43.09073832700119 -22.91846583193842
-43.09084345552344 -22.918008854077087
-43.08917080120733 -22.917388763639696
-43.086665916156335 -22.91953108099197
-43.08644241631225 -22.91976840738611
-43.08599159716226 -22.91988137719391
-43.0856267053872 -22.919979774267116
-43.08646463425396 -22.919104635391527
-43.08616729619928 -22.918807298280342
-43.08582370718335 -22.918463708040342