-48.544168 -27.590574
-48.544514 -27.590572
-48.545133 -27.590511
-48.546208 -27.590530
-48.546114 -27.590780
-48.546277 -27.590933
-48.546232 -27.591331
-48.545655 -27.591343
-48.545168 -27.591439
-48.545758 -27.591473
-48.546201 -27.591672
-48.546045 -27.591876
-48.546194 -27.592219
-48.545819 -27.592353
-48.545588 -27.592322
-48.545314 -27.591975
-48.544695 -27.592332
-48.544415 -27.592064
-48.544352 -27.591319
-48.544016 -27.592132
-48.543697 -27.590828
-48.543731 -27.589996
-48.543896 -27.589883
-48.543788 -27.589546
-48.543662 -27.589376
-48.543661 -27.588824
-48.543951 -27.588480
-48.543675 -27.587979
-48.545698 -27.589271
-48.545176 -27.588820
-48.545094 -27.588241
-48.545693 -27.587719
-48.545836 -27.587611
-48.546156 -27.587168
-48.546460 -27.587060
-48.545700 -27.587471
-48.545263 -27.587439
-48.544723 -27.588153
-48.543972 -27.587861
-48.544783 -27.588629
-48.545223 -27.589150
-48.545325 -27.589250
-48.545585 -27.589602
-48.545886 -27.589869
-48.545985 -27.590034
-48.545681 -27.590175
-48.545272 -27.590121
-48.545072 -27.589886
-48.544547 -27.589229
-48.544036 -27.590299
-48.544335 -27.585887
-48.545229 -27.586041
-48.545012 -27.585952
-48.544498 -27.585643
-48.544945 -27.586424
-48.544243 -27.587013
-48.544070 -27.587553
-48.544668 -27.586879
-48.545263 -27.587067
-48.545846 -27.587316
-48.545417 -27.587098
-48.545057 -27.586543
-48.545398 -27.586408
-48.545710 -27.586333
-48.546094 -27.585704
-48.546643 -27.587207
-48.546961 -27.587122
-48.546819 -27.587113
-48.547046 -27.586737
-48.546776 -27.587083
-48.546598 -27.586974
-48.546611 -27.586760
-48.546953 -27.586590
-48.546974 -27.586276
-48.538422 -27.575758
-48.546590 -27.586032
-48.546134 -27.585936
-48.546109 -27.585925
-48.545719 -27.586021
-48.546175 -27.586294
-48.546060 -27.586597
-48.545865 -27.586410
-48.546007 -27.586799
-48.547025 -27.585868
-48.552247 -27.587445
-48.552298 -27.587177
-48.552027 -27.587722
-48.552536 -27.591426
-48.552624 -27.590985
-48.552761 -27.590777
-48.552857 -27.590402
-48.552942 -27.590093
-48.552539 -27.590072
-48.552563 -27.589675
-48.552355 -27.589522
-48.553457 -27.589374
-48.553100 -27.589173
-48.552404 -27.589062
-48.551968 -27.588824
-48.551945 -27.588354
-48.552024 -27.588133
-48.551405 -27.588884
-48.552096 -27.590320
-48.552230 -27.591018
-48.551913 -27.590499
-48.552010 -27.590037
-48.551818 -27.590484
-48.551605 -27.591072
-48.551472 -27.590701
-48.550674 -27.588991
-48.551267 -27.589403
-48.549709 -27.590245
-48.549720 -27.591118
-48.549868 -27.591735
-48.549959 -27.591114
-48.549907 -27.590022
-48.550753 -27.589080
-48.550788 -27.591073
-48.550705 -27.590423
-48.550786 -27.590782
-48.550018 -27.591384
-48.550201 -27.591381
-48.550612 -27.591301
-48.550911 -27.591357
-48.551481 -27.591332
-48.551580 -27.591248
-48.551675 -27.591253
-48.552045 -27.591404
-48.549239 -27.591799
-48.549520 -27.591184
-48.549364 -27.590968
-48.549280 -27.590291
-48.549279 -27.589605
-48.548997 -27.590233
-48.548436 -27.590306
-48.548138 -27.590440
-48.547573 -27.590582
-48.548439 -27.590609
