-48.544168 -27.590574
-48.544514 -27.590572
-48.545133 -27.590511
-48.546208 -27.590530
-48.546114 -27.590780
-48.546277 -27.590933
-48.546232 -27.591331
-48.545655 -27.591343
-48.545168 -27.591439
-48.545758 -27.591473
-48.546201 -27.591672
-48.546045 -27.591876
-48.546194 -27.592219
-48.545819 -27.592353
-48.545588 -27.592322
-48.545314 -27.591975
-48.544695 -27.592332
-48.544415 -27.592064
-48.544352 -27.591319
-48.544016 -27.592132
-48.543697 -27.590828
-48.543731 -27.589996
-48.543896 -27.589883
-48.543788 -27.589546
-48.543662 -27.589376
-48.543661 -27.588824
-48.543951 -27.588480
-48.543675 -27.587979
-48.545698 -27.589271
-48.545176 -27.588820
-48.545094 -27.588241
-48.545693 -27.587719
-48.545836 -27.587611
-48.546156 -27.587168
-48.546460 -27.587060
-48.545700 -27.587471
-48.545263 -27.587439
-48.544723 -27.588153
-48.543972 -27.587861
-48.544783 -27.588629
-48.545223 -27.589150
-48.545325 -27.589250
-48.545585 -27.589602
-48.545886 -27.589869
-48.545985 -27.590034
-48.545681 -27.590175
-48.545272 -27.590121
-48.545072 -27.589886
-48.544547 -27.589229
-48.544036 -27.590299
-48.544335 -27.585887
-48.545229 -27.586041
-48.545012 -27.585952
-48.544498 -27.585643
-48.544945 -27.586424
-48.544243 -27.587013
-48.544070 -27.587553
-48.544668 -27.586879
-48.545263 -27.587067
-48.545846 -27.587316
-48.545417 -27.587098
-48.545057 -27.586543
-48.545398 -27.586408
-48.545710 -27.586333
-48.546094 -27.585704
-48.546643 -27.587207
-48.546961 -27.587122
-48.546819 -27.587113
-48.547046 -27.586737
-48.546776 -27.587083
-48.546598 -27.586974
-48.546611 -27.586760
