0.000081 0.000090
-0.000072 0.000153
-0.000081 0.000135
0.000009 0.000261
0.000000 0.000341
0.000027 0.000494
0.000081 0.000530
0.000225 0.000557
0.000386 0.000593
0.000386 0.000494
0.000548 0.000476
0.000593 0.000386
0.000629 0.000368
0.000494 0.000216
0.000620 0.000063
0.000566 -0.000018
0.000377 0.000000
0.000377 -0.000045
0.000278 -0.000009
0.000090 -0.000009
0.000952 -0.000027
0.001024 0.000126
0.000970 0.000126
0.001024 0.000314
0.000997 0.000485
0.000979 0.000503
0.001132 0.000467
0.001132 0.000449
0.001249 0.000512
0.001464 0.000566
0.001527 0.000449
0.001446 0.000368
0.001491 0.000404
0.001590 0.000207
0.001455 0.000162
0.001572 0.000081
0.001509 -0.000063
0.001303 -0.000036
0.001276 0.000045
0.001024 0.000063
0.000907 0.000898
0.000988 0.001177
0.000988 0.001258
0.000952 0.001276
0.000925 0.001383
0.000952 0.001500
0.001096 0.001437
0.001258 0.001581
0.001401 0.001617
0.001338 0.001599
0.001527 0.001518
0.001581 0.001509
0.001509 0.001401
0.001464 0.001168
0.001437 0.001105
0.001572 0.001069
0.001356 0.001033
0.001303 0.001042
0.001294 0.000961
0.001150 0.000916
0.000045 0.001042
0.000081 0.001033
0.000054 0.001186
-0.000009 0.001365
-0.000027 0.001491
0.000000 0.001446
0.000198 0.001509
0.000207 0.001518
0.000368 0.001473
0.000458 0.001482
0.000611 0.001536
0.000521 0.001347
0.000539 0.001356
0.000629 0.001231
0.000602 0.001141
0.000530 0.000997
0.000440 0.001051
0.000413 0.001033
0.000144 0.000943
0.000099 0.000943
0.001895 -0.000036
0.001985 0.000045
0.002003 0.000243
0.001994 0.000234
0.001985 0.000449
0.001931 0.000458
0.002084 0.000476
0.002102 0.000620
0.002291 0.000611
0.002479 0.000449
0.002542 0.000575
0.002587 0.000476
0.002515 0.000261
0.002425 0.000287
0.002596 0.000072
0.002452 0.000018
0.002452 0.000000
0.002300 0.000027
0.002156 0.000072
0.002093 -0.000045
0.001886 0.000970
0.002021 0.001033
0.002012 0.001294
0.001886 0.001330
0.002030 0.001392
0.001949 0.001581
0.002093 0.001545
0.002273 0.001455
0.002363 0.001455
0.002470 0.001617
0.002533 0.001464
0.002470 0.001491
0.002560 0.001285
0.002443 0.001285
0.002560 0.001159
0.002596 0.001006
0.002470 0.001078
0.002255 0.001069
0.002273 0.000925
0.002066 0.000961
0.001967 0.002066
0.001994 0.002003
0.001931 0.002147
0.002048 0.002228
0.001895 0.002425
0.002021 0.002578
0.002138 0.002533
0.002228 0.002551
0.002282 0.002470
0.002327 0.002506
0.002524 0.002542
0.002506 0.002461
0.002443 0.002300
0.002479 0.002120
0.002524 0.002120
0.002605 0.001904
0.002372 0.001967
0.002336 0.002048
0.002210 0.001967
0.002138 0.002030
0.000000 0.002057
0.000027 0.002030
-0.000036 0.002129
0.000081 0.002354
-0.000027 0.002336
0.000045 0.002533
0.000045 0.002506
0.000287 0.002452
0.000287 0.002569
0.000449 0.002479
0.000449 0.002470
0.000584 0.002354
0.000629 0.002282
0.000458 0.002120
0.000521 0.002102
0.000557 0.002021
0.000431 0.002003
0.000350 0.001886
0.000171 0.001958
0.000162 0.001985
0.000970 0.001949
0.001060 0.001994
0.000988 0.002102
0.001033 0.002354
0.001051 0.002327
0.000934 0.002425
0.001060 0.002596
0.001114 0.002479
0.001231 0.002452
0.001428 0.002533
0.001446 0.002497
0.001572 0.002336
0.001599 0.002282
0.001554 0.002201
0.001590 0.002120
0.001464 0.001922
0.001383 0.002057
0.001294 0.001967
0.001114 0.001931
0.001069 0.001931
0.002964 -0.000072
0.002920 0.000081
0.002929 0.000269
0.002875 0.000359
0.002937 0.000440
0.003018 0.000548
0.003000 0.000503
0.003099 0.000467
0.003252 0.000566
0.003306 0.000548
0.003423 0.000548
0.003521 0.000494
0.003521 0.000296
0.003566 0.000198
0.003459 0.000099
0.003584 -0.000045
0.003432 -0.000054
0.003333 0.000090
0.003234 0.000054
0.003144 0.000000
0.003018 0.001033
0.002875 0.001150
0.003036 0.001204
0.002955 0.001401
0.002875 0.001437
0.003000 0.001572
0.003045 0.001464
0.003180 0.001572
0.003342 0.001455
0.003342 0.001518
0.003450 0.001527
0.003521 0.001356
0.003485 0.001330
0.003441 0.001285
0.003548 0.001114
0.003521 0.000952
0.003459 0.000907
0.003252 0.000916
0.003117 0.001078
0.003117 0.000916
0.002955 0.001976
0.002964 0.002075
0.003009 0.002183
0.002884 0.002219
0.002973 0.002381
0.003000 0.002587
0.003135 0.002452
0.003162 0.002560
0.003198 0.002569
0.003387 0.002479
0.003485 0.002488
0.003593 0.002390
0.003476 0.002228
0.003512 0.002129
0.003459 0.002057
0.003414 0.001940
0.003441 0.001967
0.003333 0.001904
0.003171 0.002066
0.003045 0.001913
0.003000 0.003054
0.002955 0.003000
0.003018 0.003198
0.003027 0.003234
0.003009 0.003369
0.002884 0.003459
0.002991 0.003485
0.003099 0.003467
0.003198 0.003467
0.003315 0.003503
0.003557 0.003432
0.003503 0.003306
0.003467 0.003279
0.003521 0.003144
0.003476 0.003090
0.003503 0.002929
0.003369 0.002902
0.003279 0.002964
0.003180 0.002902
0.003108 0.003045
0.000081 0.003000
0.000009 0.003144
-0.000090 0.003252
0.000072 0.003252
0.000081 0.003306
0.000072 0.003530
0.000108 0.003441
0.000207 0.003557
0.000287 0.003539
0.000458 0.003548
0.000584 0.003414
0.000602 0.003423
0.000548 0.003288
0.000494 0.003225
0.000476 0.003045
0.000530 0.002991
0.000413 0.003027
0.000377 0.003009
0.000234 0.002982
0.000054 0.002955
0.001006 0.003027
0.000997 0.003135
0.001069 0.003153
0.001033 0.003216
0.001042 0.003369
0.000961 0.003566
0.001105 0.003593
0.001123 0.003593
0.001383 0.003503
0.001374 0.003593
0.001545 0.003557
0.001563 0.003324
0.001446 0.003198
0.001527 0.003126
0.001554 0.003108
0.001608 0.002982
0.001428 0.003045
0.001303 0.003018
0.001168 0.003054
0.001006 0.002937
0.002057 0.002991
0.002003 0.002991
0.001958 0.003243
0.001904 0.003342
0.001985 0.003360
0.001967 0.003467
0.002057 0.003459
0.002246 0.003557
0.002300 0.003503
0.002345 0.003503
0.002506 0.003575
0.002551 0.003342
0.002434 0.003297
0.002533 0.003189
0.002515 0.003009
0.002605 0.002937
0.002425 0.003045
0.002345 0.003045
0.002219 0.002964
0.001994 0.002911
0.004015 -0.000090
0.003971 0.000162
0.003872 0.000225
0.003917 0.000278
0.003926 0.000503
0.003881 0.000629
0.003980 0.000539
0.004195 0.000539
0.004258 0.000593
0.004312 0.000611
0.004536 0.000530
0.004581 0.000359
0.004536 0.000341
0.004536 0.000287
0.004581 0.000189
0.004536 -0.000018
0.004474 -0.000081
0.004195 0.000009
0.004096 0.000009
0.004006 0.000018
0.003989 0.001042
0.003971 0.001060
0.003935 0.001249
0.004042 0.001338
0.003863 0.001401
0.003962 0.001437
0.003998 0.001572
0.004087 0.001536
0.004186 0.001599
0.004438 0.001527
0.004465 0.001563
0.004483 0.001437
0.004554 0.001240
0.004572 0.001159
0.004572 0.001033
0.004420 0.001051
0.004312 0.001060
0.004186 0.000979
0.004222 0.001006
0.004033 0.000997
0.003971 0.001931
0.003863 0.002165
0.003962 0.002210
0.003899 0.002390
0.003899 0.002488
0.004006 0.002425
0.004150 0.002551
0.004222 0.002587
0.004276 0.002434
0.004393 0.002488
0.004519 0.002605
0.004438 0.002381
0.004474 0.002237
0.004447 0.002102
0.004501 0.002174
0.004501 0.001904
0.004321 0.001967
0.004186 0.001994
0.004177 0.001967
0.004132 0.001976
0.003989 0.002973
0.004042 0.003036
0.003890 0.003117
0.004042 0.003333
0.004024 0.003306
0.003908 0.003557
0.004006 0.003459
0.004186 0.003450
0.004222 0.003575
0.004393 0.003450
0.004483 0.003485
0.004581 0.003405
0.004429 0.003216
0.004429 0.003117
0.004465 0.003090
0.004438 0.002964
0.004420 0.002991
0.004357 0.002937
0.004204 0.002973
0.004006 0.002920
0.003881 0.003989
0.003908 0.004078
0.003908 0.004141
0.003998 0.004357
0.004042 0.004411
0.004006 0.004501
0.003989 0.004519
0.004258 0.004581
0.004366 0.004501
0.004312 0.004429
0.004483 0.004447
0.004572 0.004456
0.004447 0.004348
0.004519 0.004159
0.004545 0.004087
0.004492 0.003962
0.004366 0.004042
0.004348 0.003962
0.004096 0.003962
0.004042 0.003953
0.000054 0.004033
0.000009 0.004105
-0.000027 0.004141
0.000072 0.004213
0.000000 0.004294
0.000036 0.004501
0.000108 0.004536
0.000269 0.004429
0.000314 0.004429
0.000404 0.004581
0.000548 0.004474
0.000557 0.004429
0.000494 0.004339
0.000611 0.004204
0.000485 0.003971
0.000449 0.003989
0.000485 0.003980
0.000278 0.003890
0.000296 0.003944
0.000198 0.004015
0.000934 0.003953
0.000934 0.003989
0.000898 0.004195
0.000925 0.004330
0.001033 0.004294
0.001069 0.004563
0.001168 0.004438
0.001267 0.004581
0.001276 0.004536
0.001428 0.004501
0.001527 0.004483
0.001464 0.004294
0.001527 0.004321
0.001608 0.004177
0.001527 0.004024
0.001581 0.003998
0.001347 0.003962
0.001392 0.003926
0.001285 0.003872
0.001186 0.003863
0.001940 0.003989
0.002003 0.003989
0.001976 0.004213
0.001976 0.004267
0.002066 0.004321
0.002057 0.004501
0.002147 0.004536
0.002201 0.004519
0.002345 0.004519
0.002390 0.004554
0.002596 0.004528
0.002569 0.004303
0.002533 0.004267
0.002596 0.004168
0.002434 0.004123
0.002587 0.003881
0.002497 0.003881
0.002246 0.004033
0.002282 0.003872
0.002021 0.003935
0.003054 0.003863
0.002973 0.004033
0.002911 0.004123
0.002964 0.004213
0.002884 0.004429
0.003009 0.004572
0.003099 0.004501
0.003261 0.004456
0.003198 0.004474
0.003324 0.004420
0.003423 0.004536
0.003512 0.004384
0.003530 0.004276
0.003459 0.004132
0.003450 0.003980
0.003441 0.003863
0.003432 0.003926
0.003261 0.004024
0.003225 0.004033
0.003135 0.004042
0.004995 0.000090
0.004950 0.000081
0.004860 0.000243
0.004977 0.000386
0.005022 0.000422
0.004860 0.000620
0.005004 0.000620
0.005237 0.000602
0.005273 0.000512
0.005309 0.000521
0.005543 0.000575
0.005525 0.000512
0.005498 0.000243
0.005498 0.000207
0.005489 0.000198
0.005543 -0.000045
0.005309 -0.000072
0.005264 0.000027
0.005192 -0.000063
0.005040 -0.000090
0.004905 0.000925
0.004869 0.001060
0.004941 0.001195
0.004932 0.001347
0.004923 0.001392
0.004878 0.001518
0.004959 0.001455
0.005093 0.001599
0.005318 0.001563
0.005462 0.001491
0.005471 0.001446
0.005462 0.001455
0.005507 0.001258
0.005489 0.001267
0.005570 0.001024
0.005453 0.001078
0.005453 0.001042
0.005228 0.001060
0.005147 0.000988
0.004986 0.001051
0.004923 0.001967
0.004869 0.002012
0.004905 0.002210
0.004977 0.002381
0.004995 0.002407
0.004995 0.002560
0.004995 0.002425
0.005075 0.002515
0.005255 0.002605
0.005336 0.002506
0.005525 0.002488
0.005399 0.002372
0.005570 0.002237
0.005462 0.002111
0.005543 0.002030
0.005417 0.002066
0.005399 0.002048
0.005264 0.001913
0.005129 0.001994
0.005111 0.001886
0.004896 0.002973
0.004914 0.003081
0.004914 0.003099
0.004950 0.003198
0.005004 0.003467
0.005013 0.003485
0.005138 0.003584
0.005129 0.003548
0.005282 0.003548
0.005444 0.003584
0.005480 0.003539
0.005561 0.003324
0.005525 0.003324
0.005462 0.003180
0.005480 0.003117
0.005453 0.002902
0.005417 0.002893
0.005354 0.002875
0.005219 0.003045
0.005004 0.002946
0.005004 0.003935
0.004860 0.004141
0.004959 0.004078
0.004905 0.004204
0.005004 0.004402
0.004986 0.004501
0.005004 0.004483
0.005147 0.004545
0.005336 0.004492
0.005327 0.004429
0.005435 0.004492
0.005570 0.004330
0.005498 0.004213
0.005471 0.004114
0.005480 0.004051
0.005462 0.003989
0.005399 0.003890
0.005273 0.003917
0.005201 0.003881
0.004995 0.003971
0.004932 0.004950
0.004986 0.005120
0.004878 0.005093
0.004986 0.005282
0.004905 0.005435
0.004995 0.005462
0.004995 0.005507
0.005147 0.005525
0.005210 0.005552
0.005453 0.005480
0.005426 0.005462
0.005525 0.005444
0.005480 0.005237
0.005489 0.005120
0.005561 0.005058
0.005390 0.004887
0.005363 0.004941
0.005237 0.004941
0.005066 0.004905
0.005049 0.004878
-0.000036 0.004896
-0.000063 0.005102
-0.000090 0.005102
-0.000072 0.005228
-0.000081 0.005435
0.000090 0.005534
0.000090 0.005480
0.000278 0.005552
0.000287 0.005444
0.000368 0.005543
0.000485 0.005561
0.000629 0.005372
0.000503 0.005174
0.000449 0.005246
0.000575 0.005138
0.000602 0.004905
0.000395 0.004869
0.000404 0.004905
0.000269 0.004941
0.000045 0.004968
0.000970 0.005004
0.000979 0.004995
0.001033 0.005075
0.001015 0.005282
0.000943 0.005435
0.001006 0.005480
0.001096 0.005417
0.001123 0.005498
0.001356 0.005399
0.001356 0.005435
0.001473 0.005435
0.001617 0.005282
0.001500 0.005183
0.001581 0.005219
0.001473 0.005031
0.001572 0.004932
0.001410 0.004968
0.001285 0.004869
0.001213 0.004932
0.001132 0.004968
0.001913 0.004869
0.002066 0.005075
0.001985 0.005147
0.001922 0.005336
0.001940 0.005390
0.002030 0.005525
0.002075 0.005525
0.002228 0.005453
0.002363 0.005570
0.002372 0.005507
0.002488 0.005435
0.002461 0.005318
0.002551 0.005282
0.002425 0.005210
0.002470 0.005022
0.002425 0.004968
0.002327 0.004869
0.002336 0.004932
0.002255 0.004851
0.002156 0.004896
0.003018 0.004905
0.003018 0.005022
0.002955 0.005111
0.002920 0.005327
0.003027 0.005417
0.002920 0.005444
0.002982 0.005570
0.003270 0.005399
0.003261 0.005471
0.003467 0.005426
0.003476 0.005390
0.003459 0.005381
0.003467 0.005255
0.003548 0.005084
0.003432 0.005111
0.003503 0.004986
0.003459 0.004959
0.003288 0.004851
0.003225 0.004986
0.003135 0.004986
0.003980 0.004995
0.003926 0.005111
0.003872 0.005075
0.004042 0.005309
0.003962 0.005327
0.003935 0.005498
0.004033 0.005489
0.004195 0.005489
0.004249 0.005453
0.004456 0.005570
0.004402 0.005390
0.004429 0.005300
0.004429 0.005273
0.004572 0.005102
0.004510 0.005058
0.004483 0.004878
0.004366 0.005013
0.004330 0.004896
0.004258 0.004869
0.004150 0.005031
0.006010 0.000045
0.006019 0.000126
0.005875 0.000171
0.005893 0.000305
0.005974 0.000386
0.006019 0.000476
0.006127 0.000620
0.006082 0.000503
0.006243 0.000602
0.006360 0.000620
0.006549 0.000530
0.006513 0.000395
0.006468 0.000269
0.006477 0.000162
0.006549 0.000045
0.006414 -0.000081
0.006378 0.000009
0.006207 -0.000081
0.006109 -0.000018
0.005974 -0.000081
0.005965 0.000970
0.005857 0.001051
0.005902 0.001186
0.005893 0.001401
0.005956 0.001410
0.005875 0.001509
0.006091 0.001500
0.006091 0.001581
0.006252 0.001482
0.006396 0.001446
0.006513 0.001599
0.006378 0.001374
0.006477 0.001356
0.006378 0.001294
0.006450 0.001150
0.006459 0.000970
0.006324 0.000898
0.006162 0.000907
0.006091 0.001069
0.005965 0.001033
0.005920 0.001967
0.006010 0.002084
0.005947 0.002138
0.005893 0.002327
0.006019 0.002327
0.005920 0.002506
0.005974 0.002497
0.006118 0.002452
0.006306 0.002461
0.006360 0.002506
0.006423 0.002506
0.006468 0.002461
0.006396 0.002264
0.006522 0.002111
0.006477 0.002165
0.006531 0.002003
0.006432 0.001976
0.006225 0.001985
0.006118 0.001940
0.006109 0.001958
0.006001 0.002946
0.005983 0.003072
0.005839 0.003189
0.005902 0.003360
0.005857 0.003333
0.005974 0.003548
0.006073 0.003521
0.006198 0.003432
0.006297 0.003521
0.006396 0.003530
0.006522 0.003414
0.006540 0.003315
0.006504 0.003369
0.006549 0.003261
0.006423 0.003063
0.006432 0.002920
0.006378 0.003000
0.006207 0.002902
0.006091 0.002955
0.006010 0.002973
0.005866 0.003935
0.005983 0.003971
0.005911 0.004177
0.005866 0.004312
0.005920 0.004312
0.005974 0.004456
0.006118 0.004474
0.006100 0.004554
0.006198 0.004581
0.006432 0.004420
0.006423 0.004483
0.006486 0.004330
0.006450 0.004267
0.006513 0.004231
0.006531 0.004096
0.006387 0.003890
0.006288 0.003863
0.006243 0.004006
0.006216 0.003926
0.006046 0.003863
0.005920 0.004923
0.005875 0.005075
0.005893 0.005102
0.005956 0.005219
0.005929 0.005345
0.005992 0.005570
0.006037 0.005408
0.006180 0.005489
0.006216 0.005426
0.006441 0.005489
0.006531 0.005516
0.006405 0.005318
0.006495 0.005264
0.006522 0.005201
0.006387 0.005013
0.006495 0.004878
0.006342 0.004878
0.006243 0.004986
0.006135 0.004986
0.006118 0.005004
0.005884 0.005974
0.005902 0.006037
0.006019 0.006064
0.005920 0.006270
0.005857 0.006369
0.006010 0.006477
0.006082 0.006549
0.006055 0.006405
0.006288 0.006540
0.006333 0.006387
0.006513 0.006432
0.006450 0.006342
0.006459 0.006252
0.006414 0.006153
0.006405 0.006127
0.006540 0.005848
0.006369 0.005974
0.006207 0.005839
0.006055 0.005938
0.006064 0.005974
-0.000081 0.005902
-0.000027 0.005992
0.000072 0.006109
0.000063 0.006315
0.000054 0.006378
0.000000 0.006540
0.000072 0.006414
0.000126 0.006522
0.000332 0.006432
0.000422 0.006486
0.000503 0.006477
0.000476 0.006279
0.000629 0.006261
0.000611 0.006091
0.000521 0.006073
0.000503 0.005839
0.000503 0.005938
0.000386 0.006010
0.000216 0.005866
0.000162 0.005839
0.000907 0.005956
0.000898 0.006082
0.000907 0.006073
0.001033 0.006342
0.001078 0.006270
0.000934 0.006468
0.001078 0.006558
0.001150 0.006387
0.001249 0.006477
0.001473 0.006513
0.001473 0.006432
0.001536 0.006396
0.001482 0.006234
0.001545 0.006135
0.001536 0.005974
0.001554 0.005965
0.001401 0.005839
0.001312 0.005893
0.001231 0.005992
0.001006 0.005974
0.001940 0.005857
0.001922 0.005965
0.001949 0.006225
0.002021 0.006324
0.001949 0.006387
0.001949 0.006459
0.002120 0.006531
0.002201 0.006450
0.002273 0.006414
0.002381 0.006459
0.002497 0.006423
0.002461 0.006387
0.002542 0.006216
0.002587 0.006073
0.002488 0.005983
0.002497 0.005875
0.002399 0.006010
0.002246 0.005947
0.002264 0.006001
0.001994 0.005839
0.002929 0.005983
0.003054 0.006064
0.003054 0.006216
0.002946 0.006171
0.003054 0.006288
0.002991 0.006450
0.003135 0.006477
0.003171 0.006423
0.003207 0.006486
0.003342 0.006414
0.003467 0.006432
0.003575 0.006333
0.003584 0.006162
0.003441 0.006135
0.003575 0.006010
0.003450 0.005857
0.003485 0.005848
0.003207 0.005884
0.003171 0.005956
0.003027 0.005992
0.003863 0.006019
0.004033 0.006082
0.003863 0.006073
0.004033 0.006207
0.004042 0.006315
0.003971 0.006558
0.004123 0.006504
0.004168 0.006405
0.004267 0.006522
0.004393 0.006396
0.004545 0.006549
0.004420 0.006270
0.004528 0.006261
0.004429 0.006064
0.004528 0.006028
0.004545 0.005875
0.004366 0.005947
0.004366 0.005857
0.004258 0.005911
0.004105 0.005974
0.004950 0.005938
0.004878 0.006028
0.004914 0.006153
0.004869 0.006279
0.004905 0.006432
0.004941 0.006477
0.004968 0.006405
0.005210 0.006531
0.005318 0.006531
0.005363 0.006441
0.005417 0.006495
0.005444 0.006432
0.005498 0.006261
0.005408 0.006118
0.005417 0.006001
0.005408 0.005893
0.005417 0.005839
0.005246 0.005893
0.005174 0.005857
0.004968 0.005938
0.006836 0.000018
0.006944 0.000099
0.006899 0.000153
0.006980 0.000350
0.006944 0.000521
0.006953 0.000593
0.007079 0.000467
0.007043 0.000485
0.007196 0.000620
0.007276 0.000620
0.007375 0.000611
0.007492 0.000503
0.007402 0.000323
0.007429 0.000198
0.007537 0.000153
0.007402 0.000072
0.007339 -0.000063
0.007213 -0.000081
0.007213 0.000036
0.007043 0.000000
0.006998 0.001015
0.007007 0.001159
0.006845 0.001186
0.006836 0.001321
0.006881 0.001365
0.006899 0.001500
0.007097 0.001536
0.007151 0.001608
0.007222 0.001437
0.007294 0.001527
0.007474 0.001455
0.007474 0.001338
0.007501 0.001312
0.007429 0.001150
0.007456 0.001006
0.007375 0.000916
0.007294 0.000952
0.007196 0.000988
0.007088 0.000952
0.007079 0.000988
0.006854 0.002039
0.006899 0.002165
0.007007 0.002183
0.006908 0.002327
0.006980 0.002497
0.006827 0.002452
0.006980 0.002452
0.007213 0.002551
0.007258 0.002497
0.007339 0.002605
0.007438 0.002524
0.007393 0.002452
0.007519 0.002390
0.007456 0.002210
0.007411 0.002111
0.007528 0.002003
0.007429 0.002003
0.007321 0.001958
0.007204 0.002048
0.007043 0.002030
0.006881 0.003036
0.006926 0.003144
0.006971 0.003216
0.006836 0.003378
0.006926 0.003467
0.006881 0.003557
0.006962 0.003557
0.007097 0.003485
0.007213 0.003566
0.007357 0.003423
0.007492 0.003441
0.007366 0.003351
0.007429 0.003288
0.007465 0.003216
0.007546 0.003108
0.007501 0.002982
0.007321 0.003045
0.007285 0.002911
0.007142 0.003027
0.007007 0.002964
0.006917 0.003881
0.006899 0.004033
0.006881 0.004132
0.006836 0.004294
0.006917 0.004357
0.006845 0.004510
0.006944 0.004510
0.007142 0.004536
0.007231 0.004492
0.007429 0.004545
0.007429 0.004402
0.007393 0.004312
0.007474 0.004213
0.007483 0.004168
0.007375 0.004123
0.007411 0.003899
0.007321 0.004015
0.007222 0.004042
0.007160 0.003908
0.006935 0.003908
0.006962 0.004959
0.006962 0.005120
0.006836 0.005228
0.006926 0.005345
0.006962 0.005336
0.006854 0.005408
0.006953 0.005390
0.007204 0.005552
0.007213 0.005552
0.007420 0.005471
0.007492 0.005525
0.007393 0.005354
0.007510 0.005327
0.007375 0.005219
0.007447 0.005040
0.007510 0.004959
0.007321 0.004941
0.007330 0.004995
0.007070 0.004914
0.007088 0.004851
0.006935 0.005848
0.006980 0.006046
0.006827 0.006118
0.006944 0.006189
0.007007 0.006441
0.006971 0.006540
0.007007 0.006441
0.007196 0.006513
0.007151 0.006378
0.007357 0.006558
0.007366 0.006423
0.007411 0.006306
0.007474 0.006180
0.007402 0.006171
0.007474 0.005947
0.007537 0.005965
0.007267 0.005857
0.007222 0.005875
0.007160 0.005893
0.007016 0.005929
0.006926 0.006998
0.006872 0.006971
0.006899 0.007097
0.006890 0.007169
0.006998 0.007303
0.006953 0.007438
0.007097 0.007492
0.007088 0.007510
0.007178 0.007429
0.007267 0.007519
0.007420 0.007537
0.007528 0.007294
0.007483 0.007178
0.007411 0.007079
0.007366 0.006971
0.007447 0.006971
0.007276 0.006908
0.007249 0.006971
0.007052 0.006998
0.007106 0.007007
0.000009 0.006881
0.000027 0.007115
-0.000018 0.007196
-0.000054 0.007321
0.000000 0.007402
0.000081 0.007429
0.000153 0.007438
0.000261 0.007501
0.000332 0.007438
0.000458 0.007492
0.000620 0.007375
0.000467 0.007384
0.000485 0.007160
0.000557 0.007151
0.000530 0.007106
0.000521 0.006953
0.000359 0.006890
0.000413 0.006836
0.000252 0.007007
0.000180 0.006989
0.000934 0.006935
0.001015 0.006944
0.000988 0.007088
0.001033 0.007249
0.001069 0.007285
0.001060 0.007384
0.001096 0.007546
0.001267 0.007429
0.001231 0.007510
0.001509 0.007519
0.001572 0.007483
0.001617 0.007429
0.001536 0.007258
0.001554 0.007222
0.001572 0.006962
0.001563 0.006989
0.001482 0.006944
0.001374 0.006845
0.001114 0.006845
0.001114 0.007007
0.002048 0.006863
0.001949 0.006998
0.002039 0.007187
0.001913 0.007258
0.002021 0.007276
0.002012 0.007483
0.002120 0.007429
0.002201 0.007366
0.002336 0.007519
0.002390 0.007483
0.002605 0.007384
0.002497 0.007402
0.002443 0.007294
0.002497 0.007151
0.002560 0.007034
0.002434 0.006989
0.002390 0.006881
0.002264 0.006881
0.002255 0.006827
0.002030 0.006863
0.002964 0.006971
0.003009 0.006989
0.002920 0.007088
0.002929 0.007312
0.002955 0.007393
0.002911 0.007411
0.003045 0.007366
0.003234 0.007528
0.003324 0.007384
0.003423 0.007402
0.003503 0.007375
0.003512 0.007339
0.003521 0.007196
0.003459 0.007106
0.003476 0.007079
0.003503 0.006944
0.003360 0.006953
0.003252 0.006953
0.003099 0.006863
0.003099 0.006854
0.003908 0.006836
0.003863 0.007034
0.003926 0.007178
0.003899 0.007160
0.003971 0.007384
0.004006 0.007519
0.003989 0.007501
0.004078 0.007384
0.004348 0.007375
0.004420 0.007510
0.004528 0.007537
0.004456 0.007429
0.004581 0.007169
0.004429 0.007178
0.004545 0.006989
0.004456 0.006962
0.004357 0.006890
0.004357 0.006953
0.004249 0.006845
0.004114 0.006971
0.005013 0.006989
0.004959 0.007061
0.004887 0.007196
0.004977 0.007204
0.004905 0.007339
0.004977 0.007519
0.004995 0.007537
0.005201 0.007447
0.005291 0.007546
0.005462 0.007528
0.005498 0.007528
0.005498 0.007276
0.005453 0.007330
0.005444 0.007160
0.005507 0.006944
0.005390 0.006890
0.005426 0.006890
0.005318 0.006863
0.005192 0.007007
0.005138 0.006971
0.005956 0.006989
0.005902 0.007088
0.006001 0.007124
0.005983 0.007330
0.006010 0.007429
0.005875 0.007420
0.005992 0.007420
0.006109 0.007519
0.006342 0.007510
0.006333 0.007384
0.006549 0.007492
0.006468 0.007267
0.006522 0.007330
0.006495 0.007187
0.006450 0.006989
0.006495 0.007007
0.006288 0.006953
0.006234 0.006845
0.006189 0.006953
0.005947 0.006845
0.007959 0.000036
0.007842 0.000162
0.007923 0.000225
0.007968 0.000296
0.007959 0.000386
0.007905 0.000548
0.008031 0.000485
0.008112 0.000593
0.008211 0.000467
0.008309 0.000611
0.008525 0.000575
0.008381 0.000449
0.008363 0.000350
0.008516 0.000189
0.008480 0.000063
0.008417 -0.000054
0.008363 -0.000018
0.008318 -0.000081
0.008067 -0.000045
0.008058 0.000009
0.007950 0.001015
0.007824 0.001186
0.007887 0.001114
0.007824 0.001285
0.007914 0.001491
0.007995 0.001536
0.008067 0.001446
0.008166 0.001599
0.008273 0.001509
0.008282 0.001473
0.008516 0.001617
0.008381 0.001383
0.008507 0.001222
0.008381 0.001249
0.008471 0.001141
0.008471 0.000997
0.008408 0.001069
0.008265 0.001078
0.008184 0.001015
0.007986 0.000952
0.007842 0.002066
0.007923 0.002138
0.007968 0.002147
0.007887 0.002264
0.007950 0.002479
0.007887 0.002551
0.008076 0.002533
0.008040 0.002452
0.008256 0.002515
0.008282 0.002470
0.008489 0.002605
0.008381 0.002407
0.008363 0.002318
0.008399 0.002282
0.008390 0.002030
0.008372 0.001967
0.008265 0.001904
0.008148 0.001940
0.008175 0.001985
0.007986 0.001958
0.007887 0.002991
0.007968 0.003000
0.007995 0.003090
0.007950 0.003207
0.007815 0.003387
0.007860 0.003521
0.007977 0.003414
0.008130 0.003476
0.008175 0.003530
0.008372 0.003557
0.008381 0.003423
0.008426 0.003306
0.008453 0.003351
0.008381 0.003243
0.008453 0.003108
0.008363 0.003000
0.008399 0.002964
0.008220 0.003054
0.008121 0.003018
0.008067 0.003018
0.007851 0.004033
0.007923 0.004114
0.007932 0.004114
0.007860 0.004303
0.007833 0.004312
0.007833 0.004447
0.008022 0.004465
0.008193 0.004411
0.008202 0.004402
0.008354 0.004501
0.008534 0.004438
0.008489 0.004402
0.008399 0.004339
0.008363 0.004123
0.008399 0.004150
0.008408 0.003908
0.008408 0.004042
0.008282 0.003971
0.008076 0.003989
0.008085 0.004006
0.007968 0.004869
0.007869 0.005049
0.007833 0.005075
0.007824 0.005228
0.007851 0.005282
0.007833 0.005507
0.007968 0.005417
0.008103 0.005426
0.008300 0.005507
0.008390 0.005507
0.008390 0.005561
0.008480 0.005417
0.008372 0.005246
0.008372 0.005174
0.008471 0.005084
0.008417 0.004878
0.008273 0.004896
0.008273 0.005013
0.008157 0.004878
0.008013 0.004914
0.007977 0.005848
0.007833 0.006001
0.007995 0.006082
0.007860 0.006225
0.007959 0.006351
0.007842 0.006378
0.008031 0.006450
0.008121 0.006513
0.008309 0.006396
0.008336 0.006486
0.008435 0.006450
0.008516 0.006342
0.008498 0.006243
0.008363 0.006171
0.008498 0.006091
0.008534 0.005848
0.008399 0.006019
0.008300 0.005929
0.008175 0.005929
0.007977 0.005956
0.007896 0.006953
0.007869 0.006971
0.007977 0.007097
0.007905 0.007276
0.007833 0.007420
0.007986 0.007420
0.008085 0.007474
0.008040 0.007519
0.008265 0.007393
0.008256 0.007420
0.008489 0.007402
0.008471 0.007330
0.008489 0.007294
0.008516 0.007052
0.008525 0.007034
0.008354 0.006971
0.008354 0.006836
0.008247 0.006998
0.008031 0.006908
0.008040 0.006926
0.007986 0.007968
0.007968 0.008004
0.007959 0.008085
0.007833 0.008175
0.007932 0.008256
0.007824 0.008363
0.008058 0.008363
0.008103 0.008480
0.008282 0.008498
0.008408 0.008480
0.008444 0.008408
0.008444 0.008300
0.008354 0.008157
0.008399 0.008085
0.008363 0.008094
0.008435 0.007986
0.008399 0.007950
0.008273 0.007986
0.008166 0.007905
0.008094 0.007905
0.000063 0.007887
-0.000027 0.008094
0.000000 0.008130
0.000036 0.008282
0.000000 0.008408
0.000090 0.008372
0.000027 0.008435
0.000296 0.008435
0.000234 0.008408
0.000413 0.008399
0.000602 0.008444
0.000530 0.008390
0.000557 0.008282
0.000467 0.008139
0.000458 0.008022
0.000521 0.007842
0.000359 0.007869
0.000261 0.007995
0.000278 0.007923
0.000153 0.007950
0.001042 0.007932
0.001078 0.008076
0.000979 0.008211
0.001078 0.008166
0.000934 0.008327
0.001015 0.008381
0.001114 0.008471
0.001132 0.008480
0.001303 0.008444
0.001383 0.008453
0.001500 0.008489
0.001599 0.008265
0.001599 0.008157
0.001464 0.008193
0.001527 0.007977
0.001581 0.007860
0.001419 0.007995
0.001383 0.007869
0.001240 0.007887
0.001177 0.007869
0.001931 0.007824
0.001904 0.007923
0.002066 0.008076
0.001886 0.008273
0.001967 0.008291
0.001949 0.008426
0.002120 0.008354
0.002102 0.008417
0.002327 0.008462
0.002407 0.008489
0.002461 0.008426
0.002551 0.008291
0.002434 0.008211
0.002533 0.008184
0.002434 0.008094
0.002578 0.007833
0.002407 0.007986
0.002255 0.007851
0.002147 0.007923
0.002003 0.007977
0.002875 0.007824
0.002946 0.008067
0.002973 0.008175
0.002884 0.008211
0.002884 0.008336
0.002920 0.008363
0.003045 0.008498
0.003270 0.008372
0.003378 0.008534
0.003396 0.008354
0.003467 0.008363
0.003485 0.008345
0.003548 0.008309
0.003432 0.008076
0.003485 0.008085
0.003423 0.007923
0.003315 0.007986
0.003279 0.007860
0.003171 0.007995
0.003126 0.007815
0.003890 0.007860
0.003962 0.008040
0.003863 0.008040
0.003989 0.008193
0.004006 0.008390
0.003953 0.008534
0.003989 0.008516
0.004114 0.008408
0.004339 0.008507
0.004366 0.008417
0.004581 0.008372
0.004545 0.008327
0.004492 0.008282
0.004420 0.008094
0.004411 0.007950
0.004519 0.007932
0.004294 0.007968
0.004321 0.007896
0.004150 0.007878
0.004042 0.007950
0.004887 0.007896
0.004986 0.008067
0.004968 0.008139
0.004905 0.008148
0.004869 0.008399
0.004860 0.008462
0.004977 0.008489
0.005129 0.008507
0.005264 0.008471
0.005318 0.008399
0.005453 0.008444
0.005399 0.008381
0.005525 0.008148
0.005471 0.008139
0.005498 0.008085
0.005426 0.007896
0.005300 0.007923
0.005318 0.007923
0.005201 0.007914
0.005058 0.007824
0.005839 0.007833
0.005929 0.008103
0.005956 0.008058
0.005974 0.008211
0.005839 0.008336
0.005974 0.008498
0.006046 0.008417
0.006118 0.008525
0.006189 0.008435
0.006450 0.008426
0.006405 0.008453
0.006450 0.008327
0.006522 0.008282
0.006504 0.008112
0.006423 0.008067
0.006405 0.007851
0.006396 0.007833
0.006180 0.007932
0.006162 0.007941
0.006037 0.007950
0.006944 0.007824
0.006827 0.007968
0.006953 0.008076
0.006845 0.008273
0.006854 0.008309
0.006971 0.008480
0.007088 0.008426
0.007160 0.008435
0.007231 0.008516
0.007429 0.008516
0.007519 0.008444
0.007519 0.008318
0.007537 0.008157
0.007438 0.008031
0.007393 0.008067
0.007420 0.007887
0.007438 0.007923
0.007240 0.007905
0.007061 0.007914
0.007061 0.007950
0.008848 0.000054
0.008956 0.000072
0.008920 0.000198
0.008875 0.000323
0.008965 0.000368
0.008875 0.000629
0.009064 0.000485
0.009181 0.000611
0.009181 0.000521
0.009253 0.000584
0.009450 0.000620
0.009450 0.000494
0.009504 0.000287
0.009477 0.000126
0.009396 0.000036
0.009351 -0.000054
0.009414 0.000072
0.009154 -0.000045
0.009172 -0.000081
0.008956 0.000018
0.008812 0.001006
0.008884 0.001159
0.008920 0.001177
0.008839 0.001312
0.008947 0.001410
0.008974 0.001536
0.008947 0.001581
0.009136 0.001617
0.009271 0.001581
0.009262 0.001536
0.009450 0.001446
0.009468 0.001401
0.009432 0.001321
0.009378 0.001114
0.009342 0.001105
0.009360 0.000979
0.009298 0.000970
0.009181 0.000988
0.009037 0.000952
0.008983 0.000961
0.008983 0.002039
0.008821 0.002174
0.008974 0.002147
0.008821 0.002273
0.008920 0.002399
0.008884 0.002506
0.009001 0.002542
0.009028 0.002542
0.009253 0.002551
0.009280 0.002605
0.009396 0.002470
0.009351 0.002318
0.009360 0.002264
0.009468 0.002219
0.009378 0.002084
0.009360 0.001895
0.009316 0.001922
0.009199 0.001895
0.009100 0.001949
0.008938 0.002021
0.008956 0.002955
0.008929 0.002982
0.008929 0.003090
0.008965 0.003369
0.008875 0.003485
0.008821 0.003494
0.009055 0.003459
0.009109 0.003485
0.009154 0.003575
0.009378 0.003432
0.009486 0.003557
0.009378 0.003476
0.009477 0.003225
0.009360 0.003243
0.009414 0.003063
0.009522 0.002937
0.009342 0.002964
0.009262 0.002937
0.009154 0.003027
0.008938 0.002955
0.008884 0.003917
0.008947 0.004141
0.008893 0.004168
0.008875 0.004330
0.008866 0.004438
0.008875 0.004545
0.008983 0.004536
0.009046 0.004492
0.009289 0.004501
0.009414 0.004429
0.009360 0.004536
0.009450 0.004402
0.009405 0.004213
0.009504 0.004231
0.009459 0.004150
0.009378 0.003944
0.009298 0.003935
0.009244 0.003944
0.009199 0.003881
0.009028 0.003926
0.008839 0.004923
0.008929 0.005040
0.008866 0.005201
0.008839 0.005291
0.008893 0.005435
0.008947 0.005525
0.008965 0.005435
0.009154 0.005516
0.009244 0.005498
0.009360 0.005489
0.009414 0.005561
0.009450 0.005453
0.009450 0.005246
0.009522 0.005165
0.009378 0.005058
0.009486 0.004977
0.009405 0.004869
0.009154 0.004923
0.009064 0.004968
0.008929 0.004851
0.008839 0.006001
0.008830 0.006001
0.008821 0.006055
0.008884 0.006288
0.008857 0.006378
0.008938 0.006396
0.008983 0.006396
0.009181 0.006378
0.009208 0.006522
0.009414 0.006540
0.009486 0.006495
0.009387 0.006423
0.009423 0.006180
0.009396 0.006180
0.009414 0.006100
0.009387 0.005893
0.009253 0.005848
0.009244 0.005938
0.009019 0.005857
0.008929 0.006019
0.008848 0.006908
0.008821 0.006998
0.008848 0.007088
0.008929 0.007285
0.008839 0.007366
0.008956 0.007402
0.008947 0.007402
0.009100 0.007429
0.009235 0.007429
0.009235 0.007492
0.009360 0.007429
0.009414 0.007276
0.009387 0.007303
0.009486 0.007079
0.009378 0.007007
0.009387 0.006872
0.009351 0.006899
0.009307 0.006872
0.009109 0.006935
0.009001 0.006908
0.008857 0.007932
0.008938 0.008040
0.008893 0.008130
0.008803 0.008282
0.008884 0.008318
0.008839 0.008408
0.008965 0.008426
0.009028 0.008453
0.009262 0.008444
0.009360 0.008363
0.009342 0.008444
0.009396 0.008345
0.009513 0.008318
0.009369 0.008103
0.009369 0.007968
0.009396 0.007851
0.009369 0.007815
0.009127 0.007905
0.009172 0.007986
0.009037 0.007959
0.008812 0.008920
0.008920 0.009046
0.008803 0.009019
0.008911 0.009181
0.008983 0.009262
0.008911 0.009405
0.008974 0.009396
0.009163 0.009414
0.009217 0.009387
0.009360 0.009441
0.009513 0.009369
0.009522 0.009342
0.009513 0.009208
0.009387 0.009019
0.009459 0.009073
0.009351 0.008920
0.009244 0.008974
0.009253 0.008902
0.009163 0.008803
0.009046 0.008965
0.000000 0.008884
0.000063 0.009046
0.000036 0.009073
-0.000063 0.009199
0.000072 0.009396
0.000045 0.009369
0.000063 0.009351
0.000216 0.009513
0.000377 0.009360
0.000503 0.009414
0.000467 0.009405
0.000593 0.009271
0.000512 0.009289
0.000458 0.009190
0.000575 0.009091
0.000557 0.008803
0.000350 0.008965
0.000314 0.008947
0.000234 0.008929
0.000108 0.008839
0.000916 0.008875
0.000997 0.008983
0.000916 0.009046
0.000952 0.009154
0.001051 0.009316
0.001033 0.009495
0.001177 0.009450
0.001294 0.009477
0.001330 0.009387
0.001419 0.009450
0.001608 0.009486
0.001491 0.009405
0.001518 0.009154
0.001554 0.009091
0.001509 0.008974
0.001554 0.008821
0.001473 0.008848
0.001312 0.008857
0.001204 0.008920
0.001024 0.008947
0.001940 0.008857
0.002066 0.009064
0.001940 0.009145
0.001949 0.009298
0.002048 0.009325
0.001913 0.009405
0.002120 0.009414
0.002246 0.009351
0.002246 0.009360
0.002336 0.009414
0.002425 0.009405
0.002452 0.009369
0.002425 0.009145
0.002461 0.009136
0.002443 0.009019
0.002542 0.008812
0.002452 0.008920
0.002237 0.008821
0.002264 0.008983
0.002039 0.008974
0.002875 0.008974
0.003009 0.009028
0.002964 0.009199
0.002982 0.009145
0.003018 0.009289
0.003027 0.009396
0.003117 0.009423
0.003252 0.009378
0.003279 0.009459
0.003459 0.009522
0.003584 0.009423
0.003512 0.009360
0.003539 0.009217
0.003423 0.009028
0.003575 0.008938
0.003467 0.008857
0.003360 0.008965
0.003360 0.008884
0.003270 0.008956
0.003045 0.008893
0.003872 0.008947
0.003890 0.009010
0.004024 0.009046
0.004006 0.009262
0.004024 0.009414
0.004015 0.009486
0.004051 0.009351
0.004186 0.009513
0.004267 0.009387
0.004348 0.009432
0.004519 0.009486
0.004581 0.009280
0.004563 0.009235
0.004572 0.009091
0.004483 0.009064
0.004536 0.008911
0.004312 0.008884
0.004258 0.008812
0.004087 0.008893
0.004096 0.008902
0.004923 0.008821
0.005004 0.008965
0.004851 0.009136
0.005022 0.009145
0.004869 0.009262
0.004851 0.009441
0.005022 0.009351
0.005120 0.009468
0.005318 0.009486
0.005354 0.009351
0.005471 0.009360
0.005426 0.009271
0.005417 0.009235
0.005426 0.009136
0.005408 0.009001
0.005471 0.008821
0.005309 0.008803
0.005291 0.008857
0.005066 0.008929
0.004995 0.008965
0.005974 0.008929
0.005866 0.008920
0.006019 0.009082
0.005893 0.009217
0.005893 0.009351
0.005965 0.009378
0.005974 0.009477
0.006055 0.009378
0.006279 0.009513
0.006378 0.009522
0.006558 0.009513
0.006396 0.009342
0.006522 0.009244
0.006558 0.009145
0.006378 0.008920
0.006432 0.008974
0.006450 0.008830
0.006171 0.008947
0.006064 0.008848
0.006046 0.008857
0.006899 0.008839
0.006872 0.009046
0.006908 0.009118
0.006980 0.009253
0.006926 0.009271
0.006971 0.009423
0.007061 0.009378
0.007133 0.009459
0.007240 0.009450
0.007366 0.009450
0.007537 0.009360
0.007375 0.009342
0.007465 0.009172
0.007402 0.009028
0.007375 0.008929
0.007465 0.008857
0.007321 0.008812
0.007285 0.008821
0.007142 0.008821
0.006944 0.008866
0.007815 0.008821
0.007950 0.008956
0.007914 0.009109
0.007941 0.009208
0.007968 0.009307
0.007959 0.009495
0.008058 0.009513
0.008139 0.009342
0.008309 0.009504
0.008309 0.009522
0.008426 0.009414
0.008417 0.009325
0.008381 0.009235
0.008444 0.009046
0.008435 0.008938
0.008534 0.008965
0.008265 0.008920
0.008300 0.008857
0.008211 0.008839
0.008076 0.008965
