-0.000225 -0.000225
-0.000225 -0.000027
-0.000027 -0.000027
0.000171 -0.000027
0.000368 -0.000027
0.000566 -0.000027
-0.000225 -0.000027
-0.000225 0.000171
-0.000027 0.000171
0.000171 0.000171
0.000368 0.000171
0.000566 0.000171
-0.000225 0.000171
-0.000225 0.000368
-0.000027 0.000368
0.000171 0.000368
0.000368 0.000368
0.000566 0.000368
-0.000225 0.000368
-0.000225 0.000566
-0.000027 0.000566
0.000171 0.000566
0.000368 0.000566
0.000566 0.000566
-0.000225 0.000566
0.000764 -0.000225
0.000566 -0.000225
0.000368 -0.000225
0.000171 -0.000225
-0.000027 -0.000225
0.000764 -0.000225
0.000764 -0.000027
0.000961 -0.000027
0.001159 -0.000027
0.001356 -0.000027
0.001554 -0.000027
0.000764 -0.000027
0.000764 0.000171
0.000961 0.000171
0.001159 0.000171
0.001356 0.000171
0.001554 0.000171
0.000764 0.000171
0.000764 0.000368
0.000961 0.000368
0.001159 0.000368
0.001356 0.000368
0.001554 0.000368
0.000764 0.000368
0.000764 0.000566
0.000961 0.000566
0.001159 0.000566
0.001356 0.000566
0.001554 0.000566
0.000764 0.000566
0.001752 -0.000225
0.001554 -0.000225
0.001356 -0.000225
0.001159 -0.000225
0.000961 -0.000225
0.000764 0.000764
0.000764 0.000961
0.000961 0.000961
0.001159 0.000961
0.001356 0.000961
0.001554 0.000961
0.000764 0.000961
0.000764 0.001159
0.000961 0.001159
0.001159 0.001159
0.001356 0.001159
0.001554 0.001159
0.000764 0.001159
0.000764 0.001356
0.000961 0.001356
0.001159 0.001356
0.001356 0.001356
0.001554 0.001356
0.000764 0.001356
0.000764 0.001554
0.000961 0.001554
0.001159 0.001554
0.001356 0.001554
0.001554 0.001554
0.000764 0.001554
0.001752 0.000764
0.001554 0.000764
0.001356 0.000764
0.001159 0.000764
0.000961 0.000764
-0.000225 0.000764
-0.000225 0.000961
-0.000027 0.000961
0.000171 0.000961
0.000368 0.000961
0.000566 0.000961
-0.000225 0.000961
-0.000225 0.001159
-0.000027 0.001159
0.000171 0.001159
0.000368 0.001159
0.000566 0.001159
-0.000225 0.001159
-0.000225 0.001356
-0.000027 0.001356
0.000171 0.001356
0.000368 0.001356
0.000566 0.001356
-0.000225 0.001356
-0.000225 0.001554
-0.000027 0.001554
0.000171 0.001554
0.000368 0.001554
0.000566 0.001554
-0.000225 0.001554
0.000764 0.000764
0.000566 0.000764
0.000368 0.000764
0.000171 0.000764
-0.000027 0.000764
0.001752 -0.000225
0.001752 -0.000027
0.001949 -0.000027
0.002147 -0.000027
0.002345 -0.000027
0.002542 -0.000027
0.001752 -0.000027
0.001752 0.000171
0.001949 0.000171
0.002147 0.000171
0.002345 0.000171
0.002542 0.000171
0.001752 0.000171
0.001752 0.000368
0.001949 0.000368
0.002147 0.000368
0.002345 0.000368
0.002542 0.000368
0.001752 0.000368
0.001752 0.000566
0.001949 0.000566
0.002147 0.000566
0.002345 0.000566
0.002542 0.000566
0.001752 0.000566
0.002740 -0.000225
0.002542 -0.000225
0.002345 -0.000225
0.002147 -0.000225
0.001949 -0.000225
0.001752 0.000764
0.001752 0.000961
0.001949 0.000961
0.002147 0.000961
0.002345 0.000961
0.002542 0.000961
0.001752 0.000961
0.001752 0.001159
0.001949 0.001159
0.002147 0.001159
0.002345 0.001159
0.002542 0.001159
0.001752 0.001159
0.001752 0.001356
0.001949 0.001356
0.002147 0.001356
0.002345 0.001356
0.002542 0.001356
0.001752 0.001356
0.001752 0.001554
0.001949 0.001554
0.002147 0.001554
0.002345 0.001554
0.002542 0.001554
0.001752 0.001554
0.002740 0.000764
0.002542 0.000764
0.002345 0.000764
0.002147 0.000764
0.001949 0.000764
0.001752 0.001752
0.001752 0.001949
0.001949 0.001949
0.002147 0.001949
0.002345 0.001949
0.002542 0.001949
0.001752 0.001949
0.001752 0.002147
0.001949 0.002147
0.002147 0.002147
0.002345 0.002147
0.002542 0.002147
0.001752 0.002147
0.001752 0.002345
0.001949 0.002345
0.002147 0.002345
0.002345 0.002345
0.002542 0.002345
0.001752 0.002345
0.001752 0.002542
0.001949 0.002542
0.002147 0.002542
0.002345 0.002542
0.002542 0.002542
0.001752 0.002542
0.002740 0.001752
0.002542 0.001752
0.002345 0.001752
0.002147 0.001752
0.001949 0.001752
-0.000225 0.001752
-0.000225 0.001949
-0.000027 0.001949
0.000171 0.001949
0.000368 0.001949
0.000566 0.001949
-0.000225 0.001949
-0.000225 0.002147
-0.000027 0.002147
0.000171 0.002147
0.000368 0.002147
0.000566 0.002147
-0.000225 0.002147
-0.000225 0.002345
-0.000027 0.002345
0.000171 0.002345
0.000368 0.002345
0.000566 0.002345
-0.000225 0.002345
-0.000225 0.002542
-0.000027 0.002542
0.000171 0.002542
0.000368 0.002542
0.000566 0.002542
-0.000225 0.002542
0.000764 0.001752
0.000566 0.001752
0.000368 0.001752
0.000171 0.001752
-0.000027 0.001752
0.000764 0.001752
0.000764 0.001949
0.000961 0.001949
0.001159 0.001949
0.001356 0.001949
0.001554 0.001949
0.000764 0.001949
0.000764 0.002147
0.000961 0.002147
0.001159 0.002147
0.001356 0.002147
0.001554 0.002147
0.000764 0.002147
0.000764 0.002345
0.000961 0.002345
0.001159 0.002345
0.001356 0.002345
0.001554 0.002345
0.000764 0.002345
0.000764 0.002542
0.000961 0.002542
0.001159 0.002542
0.001356 0.002542
0.001554 0.002542
0.000764 0.002542
0.001752 0.001752
0.001554 0.001752
0.001356 0.001752
0.001159 0.001752
0.000961 0.001752
0.002740 -0.000225
0.002740 -0.000027
0.002937 -0.000027
0.003135 -0.000027
0.003333 -0.000027
0.003530 -0.000027
0.002740 -0.000027
0.002740 0.000171
0.002937 0.000171
0.003135 0.000171
0.003333 0.000171
0.003530 0.000171
0.002740 0.000171
0.002740 0.000368
0.002937 0.000368
0.003135 0.000368
0.003333 0.000368
0.003530 0.000368
0.002740 0.000368
0.002740 0.000566
0.002937 0.000566
0.003135 0.000566
0.003333 0.000566
0.003530 0.000566
0.002740 0.000566
0.003728 -0.000225
0.003530 -0.000225
0.003333 -0.000225
0.003135 -0.000225
0.002937 -0.000225
0.002740 0.000764
0.002740 0.000961
0.002937 0.000961
0.003135 0.000961
0.003333 0.000961
0.003530 0.000961
0.002740 0.000961
0.002740 0.001159
0.002937 0.001159
0.003135 0.001159
0.003333 0.001159
0.003530 0.001159
0.002740 0.001159
0.002740 0.001356
0.002937 0.001356
0.003135 0.001356
0.003333 0.001356
0.003530 0.001356
0.002740 0.001356
0.002740 0.001554
0.002937 0.001554
0.003135 0.001554
0.003333 0.001554
0.003530 0.001554
0.002740 0.001554
0.003728 0.000764
0.003530 0.000764
0.003333 0.000764
0.003135 0.000764
0.002937 0.000764
0.002740 0.001752
0.002740 0.001949
0.002937 0.001949
0.003135 0.001949
0.003333 0.001949
0.003530 0.001949
0.002740 0.001949
0.002740 0.002147
0.002937 0.002147
0.003135 0.002147
0.003333 0.002147
0.003530 0.002147
0.002740 0.002147
0.002740 0.002345
0.002937 0.002345
0.003135 0.002345
0.003333 0.002345
0.003530 0.002345
0.002740 0.002345
0.002740 0.002542
0.002937 0.002542
0.003135 0.002542
0.003333 0.002542
0.003530 0.002542
0.002740 0.002542
0.003728 0.001752
0.003530 0.001752
0.003333 0.001752
0.003135 0.001752
0.002937 0.001752
0.002740 0.002740
0.002740 0.002937
0.002937 0.002937
0.003135 0.002937
0.003333 0.002937
0.003530 0.002937
0.002740 0.002937
0.002740 0.003135
0.002937 0.003135
0.003135 0.003135
0.003333 0.003135
0.003530 0.003135
0.002740 0.003135
0.002740 0.003333
0.002937 0.003333
0.003135 0.003333
0.003333 0.003333
0.003530 0.003333
0.002740 0.003333
0.002740 0.003530
0.002937 0.003530
0.003135 0.003530
0.003333 0.003530
0.003530 0.003530
0.002740 0.003530
0.003728 0.002740
0.003530 0.002740
0.003333 0.002740
0.003135 0.002740
0.002937 0.002740
-0.000225 0.002740
-0.000225 0.002937
-0.000027 0.002937
0.000171 0.002937
0.000368 0.002937
0.000566 0.002937
-0.000225 0.002937
-0.000225 0.003135
-0.000027 0.003135
0.000171 0.003135
0.000368 0.003135
0.000566 0.003135
-0.000225 0.003135
-0.000225 0.003333
-0.000027 0.003333
0.000171 0.003333
0.000368 0.003333
0.000566 0.003333
-0.000225 0.003333
-0.000225 0.003530
-0.000027 0.003530
0.000171 0.003530
0.000368 0.003530
0.000566 0.003530
-0.000225 0.003530
0.000764 0.002740
0.000566 0.002740
0.000368 0.002740
0.000171 0.002740
-0.000027 0.002740
0.000764 0.002740
0.000764 0.002937
0.000961 0.002937
0.001159 0.002937
0.001356 0.002937
0.001554 0.002937
0.000764 0.002937
0.000764 0.003135
0.000961 0.003135
0.001159 0.003135
0.001356 0.003135
0.001554 0.003135
0.000764 0.003135
0.000764 0.003333
0.000961 0.003333
0.001159 0.003333
0.001356 0.003333
0.001554 0.003333
0.000764 0.003333
0.000764 0.003530
0.000961 0.003530
0.001159 0.003530
0.001356 0.003530
0.001554 0.003530
0.000764 0.003530
0.001752 0.002740
0.001554 0.002740
0.001356 0.002740
0.001159 0.002740
0.000961 0.002740
0.001752 0.002740
0.001752 0.002937
0.001949 0.002937
0.002147 0.002937
0.002345 0.002937
0.002542 0.002937
0.001752 0.002937
0.001752 0.003135
0.001949 0.003135
0.002147 0.003135
0.002345 0.003135
0.002542 0.003135
0.001752 0.003135
0.001752 0.003333
0.001949 0.003333
0.002147 0.003333
0.002345 0.003333
0.002542 0.003333
0.001752 0.003333
0.001752 0.003530
0.001949 0.003530
0.002147 0.003530
0.002345 0.003530
0.002542 0.003530
0.001752 0.003530
0.002740 0.002740
0.002542 0.002740
0.002345 0.002740
0.002147 0.002740
0.001949 0.002740
0.003728 -0.000225
0.003728 -0.000027
0.003926 -0.000027
0.004123 -0.000027
0.004321 -0.000027
0.004519 -0.000027
0.003728 -0.000027
0.003728 0.000171
0.003926 0.000171
0.004123 0.000171
0.004321 0.000171
0.004519 0.000171
0.003728 0.000171
0.003728 0.000368
0.003926 0.000368
0.004123 0.000368
0.004321 0.000368
0.004519 0.000368
0.003728 0.000368
0.003728 0.000566
0.003926 0.000566
0.004123 0.000566
0.004321 0.000566
0.004519 0.000566
0.003728 0.000566
0.004716 -0.000225
0.004519 -0.000225
0.004321 -0.000225
0.004123 -0.000225
0.003926 -0.000225
0.003728 0.000764
0.003728 0.000961
0.003926 0.000961
0.004123 0.000961
0.004321 0.000961
0.004519 0.000961
0.003728 0.000961
0.003728 0.001159
0.003926 0.001159
0.004123 0.001159
0.004321 0.001159
0.004519 0.001159
0.003728 0.001159
0.003728 0.001356
0.003926 0.001356
0.004123 0.001356
0.004321 0.001356
0.004519 0.001356
0.003728 0.001356
0.003728 0.001554
0.003926 0.001554
0.004123 0.001554
0.004321 0.001554
0.004519 0.001554
0.003728 0.001554
0.004716 0.000764
0.004519 0.000764
0.004321 0.000764
0.004123 0.000764
0.003926 0.000764
0.003728 0.001752
0.003728 0.001949
0.003926 0.001949
0.004123 0.001949
0.004321 0.001949
0.004519 0.001949
0.003728 0.001949
0.003728 0.002147
0.003926 0.002147
0.004123 0.002147
0.004321 0.002147
0.004519 0.002147
0.003728 0.002147
0.003728 0.002345
0.003926 0.002345
0.004123 0.002345
0.004321 0.002345
0.004519 0.002345
0.003728 0.002345
0.003728 0.002542
0.003926 0.002542
0.004123 0.002542
0.004321 0.002542
0.004519 0.002542
0.003728 0.002542
0.004716 0.001752
0.004519 0.001752
0.004321 0.001752
0.004123 0.001752
0.003926 0.001752
0.003728 0.002740
0.003728 0.002937
0.003926 0.002937
0.004123 0.002937
0.004321 0.002937
0.004519 0.002937
0.003728 0.002937
0.003728 0.003135
0.003926 0.003135
0.004123 0.003135
0.004321 0.003135
0.004519 0.003135
0.003728 0.003135
0.003728 0.003333
0.003926 0.003333
0.004123 0.003333
0.004321 0.003333
0.004519 0.003333
0.003728 0.003333
0.003728 0.003530
0.003926 0.003530
0.004123 0.003530
0.004321 0.003530
0.004519 0.003530
0.003728 0.003530
0.004716 0.002740
0.004519 0.002740
0.004321 0.002740
0.004123 0.002740
0.003926 0.002740
0.003728 0.003728
0.003728 0.003926
0.003926 0.003926
0.004123 0.003926
0.004321 0.003926
0.004519 0.003926
0.003728 0.003926
0.003728 0.004123
0.003926 0.004123
0.004123 0.004123
0.004321 0.004123
0.004519 0.004123
0.003728 0.004123
0.003728 0.004321
0.003926 0.004321
0.004123 0.004321
0.004321 0.004321
0.004519 0.004321
0.003728 0.004321
0.003728 0.004519
0.003926 0.004519
0.004123 0.004519
0.004321 0.004519
0.004519 0.004519
0.003728 0.004519
0.004716 0.003728
0.004519 0.003728
0.004321 0.003728
0.004123 0.003728
0.003926 0.003728
-0.000225 0.003728
-0.000225 0.003926
-0.000027 0.003926
0.000171 0.003926
0.000368 0.003926
0.000566 0.003926
-0.000225 0.003926
-0.000225 0.004123
-0.000027 0.004123
0.000171 0.004123
0.000368 0.004123
0.000566 0.004123
-0.000225 0.004123
-0.000225 0.004321
-0.000027 0.004321
0.000171 0.004321
0.000368 0.004321
0.000566 0.004321
-0.000225 0.004321
-0.000225 0.004519
-0.000027 0.004519
0.000171 0.004519
0.000368 0.004519
0.000566 0.004519
-0.000225 0.004519
0.000764 0.003728
0.000566 0.003728
0.000368 0.003728
0.000171 0.003728
-0.000027 0.003728
0.000764 0.003728
0.000764 0.003926
0.000961 0.003926
0.001159 0.003926
0.001356 0.003926
0.001554 0.003926
0.000764 0.003926
0.000764 0.004123
0.000961 0.004123
0.001159 0.004123
0.001356 0.004123
0.001554 0.004123
0.000764 0.004123
0.000764 0.004321
0.000961 0.004321
0.001159 0.004321
0.001356 0.004321
0.001554 0.004321
0.000764 0.004321
0.000764 0.004519
0.000961 0.004519
0.001159 0.004519
0.001356 0.004519
0.001554 0.004519
0.000764 0.004519
0.001752 0.003728
0.001554 0.003728
0.001356 0.003728
0.001159 0.003728
0.000961 0.003728
0.001752 0.003728
0.001752 0.003926
0.001949 0.003926
0.002147 0.003926
0.002345 0.003926
0.002542 0.003926
0.001752 0.003926
0.001752 0.004123
0.001949 0.004123
0.002147 0.004123
0.002345 0.004123
0.002542 0.004123
0.001752 0.004123
0.001752 0.004321
0.001949 0.004321
0.002147 0.004321
0.002345 0.004321
0.002542 0.004321
0.001752 0.004321
0.001752 0.004519
0.001949 0.004519
0.002147 0.004519
0.002345 0.004519
0.002542 0.004519
0.001752 0.004519
0.002740 0.003728
0.002542 0.003728
0.002345 0.003728
0.002147 0.003728
0.001949 0.003728
0.002740 0.003728
0.002740 0.003926
0.002937 0.003926
0.003135 0.003926
0.003333 0.003926
0.003530 0.003926
0.002740 0.003926
0.002740 0.004123
0.002937 0.004123
0.003135 0.004123
0.003333 0.004123
0.003530 0.004123
0.002740 0.004123
0.002740 0.004321
0.002937 0.004321
0.003135 0.004321
0.003333 0.004321
0.003530 0.004321
0.002740 0.004321
0.002740 0.004519
0.002937 0.004519
0.003135 0.004519
0.003333 0.004519
0.003530 0.004519
0.002740 0.004519
0.003728 0.003728
0.003530 0.003728
0.003333 0.003728
0.003135 0.003728
0.002937 0.003728
0.004716 -0.000225
0.004716 -0.000027
0.004914 -0.000027
0.005111 -0.000027
0.005309 -0.000027
0.005507 -0.000027
0.004716 -0.000027
0.004716 0.000171
0.004914 0.000171
0.005111 0.000171
0.005309 0.000171
0.005507 0.000171
0.004716 0.000171
0.004716 0.000368
0.004914 0.000368
0.005111 0.000368
0.005309 0.000368
0.005507 0.000368
0.004716 0.000368
0.004716 0.000566
0.004914 0.000566
0.005111 0.000566
0.005309 0.000566
0.005507 0.000566
0.004716 0.000566
0.005704 -0.000225
0.005507 -0.000225
0.005309 -0.000225
0.005111 -0.000225
0.004914 -0.000225
0.004716 0.000764
0.004716 0.000961
0.004914 0.000961
0.005111 0.000961
0.005309 0.000961
0.005507 0.000961
0.004716 0.000961
0.004716 0.001159
0.004914 0.001159
0.005111 0.001159
0.005309 0.001159
0.005507 0.001159
0.004716 0.001159
0.004716 0.001356
0.004914 0.001356
0.005111 0.001356
0.005309 0.001356
0.005507 0.001356
0.004716 0.001356
0.004716 0.001554
0.004914 0.001554
0.005111 0.001554
0.005309 0.001554
0.005507 0.001554
0.004716 0.001554
0.005704 0.000764
0.005507 0.000764
0.005309 0.000764
0.005111 0.000764
0.004914 0.000764
0.004716 0.001752
0.004716 0.001949
0.004914 0.001949
0.005111 0.001949
0.005309 0.001949
0.005507 0.001949
0.004716 0.001949
0.004716 0.002147
0.004914 0.002147
0.005111 0.002147
0.005309 0.002147
0.005507 0.002147
0.004716 0.002147
0.004716 0.002345
0.004914 0.002345
0.005111 0.002345
0.005309 0.002345
0.005507 0.002345
0.004716 0.002345
0.004716 0.002542
0.004914 0.002542
0.005111 0.002542
0.005309 0.002542
0.005507 0.002542
0.004716 0.002542
0.005704 0.001752
0.005507 0.001752
0.005309 0.001752
0.005111 0.001752
0.004914 0.001752
0.004716 0.002740
0.004716 0.002937
0.004914 0.002937
0.005111 0.002937
0.005309 0.002937
0.005507 0.002937
0.004716 0.002937
0.004716 0.003135
0.004914 0.003135
0.005111 0.003135
0.005309 0.003135
0.005507 0.003135
0.004716 0.003135
0.004716 0.003333
0.004914 0.003333
0.005111 0.003333
0.005309 0.003333
0.005507 0.003333
0.004716 0.003333
0.004716 0.003530
0.004914 0.003530
0.005111 0.003530
0.005309 0.003530
0.005507 0.003530
0.004716 0.003530
0.005704 0.002740
0.005507 0.002740
0.005309 0.002740
0.005111 0.002740
0.004914 0.002740
0.004716 0.003728
0.004716 0.003926
0.004914 0.003926
0.005111 0.003926
0.005309 0.003926
0.005507 0.003926
0.004716 0.003926
0.004716 0.004123
0.004914 0.004123
0.005111 0.004123
0.005309 0.004123
0.005507 0.004123
0.004716 0.004123
0.004716 0.004321
0.004914 0.004321
0.005111 0.004321
0.005309 0.004321
0.005507 0.004321
0.004716 0.004321
0.004716 0.004519
0.004914 0.004519
0.005111 0.004519
0.005309 0.004519
0.005507 0.004519
0.004716 0.004519
0.005704 0.003728
0.005507 0.003728
0.005309 0.003728
0.005111 0.003728
0.004914 0.003728
0.004716 0.004716
0.004716 0.004914
0.004914 0.004914
0.005111 0.004914
0.005309 0.004914
0.005507 0.004914
0.004716 0.004914
0.004716 0.005111
0.004914 0.005111
0.005111 0.005111
0.005309 0.005111
0.005507 0.005111
0.004716 0.005111
0.004716 0.005309
0.004914 0.005309
0.005111 0.005309
0.005309 0.005309
0.005507 0.005309
0.004716 0.005309
0.004716 0.005507
0.004914 0.005507
0.005111 0.005507
0.005309 0.005507
0.005507 0.005507
0.004716 0.005507
0.005704 0.004716
0.005507 0.004716
0.005309 0.004716
0.005111 0.004716
0.004914 0.004716
-0.000225 0.004716
-0.000225 0.004914
-0.000027 0.004914
0.000171 0.004914
0.000368 0.004914
0.000566 0.004914
-0.000225 0.004914
-0.000225 0.005111
-0.000027 0.005111
0.000171 0.005111
0.000368 0.005111
0.000566 0.005111
-0.000225 0.005111
-0.000225 0.005309
-0.000027 0.005309
0.000171 0.005309
0.000368 0.005309
0.000566 0.005309
-0.000225 0.005309
-0.000225 0.005507
-0.000027 0.005507
0.000171 0.005507
0.000368 0.005507
0.000566 0.005507
-0.000225 0.005507
0.000764 0.004716
0.000566 0.004716
0.000368 0.004716
0.000171 0.004716
-0.000027 0.004716
0.000764 0.004716
0.000764 0.004914
0.000961 0.004914
0.001159 0.004914
0.001356 0.004914
0.001554 0.004914
0.000764 0.004914
0.000764 0.005111
0.000961 0.005111
0.001159 0.005111
0.001356 0.005111
0.001554 0.005111
0.000764 0.005111
0.000764 0.005309
0.000961 0.005309
0.001159 0.005309
0.001356 0.005309
0.001554 0.005309
0.000764 0.005309
0.000764 0.005507
0.000961 0.005507
0.001159 0.005507
0.001356 0.005507
0.001554 0.005507
0.000764 0.005507
0.001752 0.004716
0.001554 0.004716
0.001356 0.004716
0.001159 0.004716
0.000961 0.004716
0.001752 0.004716
0.001752 0.004914
0.001949 0.004914
0.002147 0.004914
0.002345 0.004914
0.002542 0.004914
0.001752 0.004914
0.001752 0.005111
0.001949 0.005111
0.002147 0.005111
0.002345 0.005111
0.002542 0.005111
0.001752 0.005111
0.001752 0.005309
0.001949 0.005309
0.002147 0.005309
0.002345 0.005309
0.002542 0.005309
0.001752 0.005309
0.001752 0.005507
0.001949 0.005507
0.002147 0.005507
0.002345 0.005507
0.002542 0.005507
0.001752 0.005507
0.002740 0.004716
0.002542 0.004716
0.002345 0.004716
0.002147 0.004716
0.001949 0.004716
0.002740 0.004716
0.002740 0.004914
0.002937 0.004914
0.003135 0.004914
0.003333 0.004914
0.003530 0.004914
0.002740 0.004914
0.002740 0.005111
0.002937 0.005111
0.003135 0.005111
0.003333 0.005111
0.003530 0.005111
0.002740 0.005111
0.002740 0.005309
0.002937 0.005309
0.003135 0.005309
0.003333 0.005309
0.003530 0.005309
0.002740 0.005309
0.002740 0.005507
0.002937 0.005507
0.003135 0.005507
0.003333 0.005507
0.003530 0.005507
0.002740 0.005507
0.003728 0.004716
0.003530 0.004716
0.003333 0.004716
0.003135 0.004716
0.002937 0.004716
0.003728 0.004716
0.003728 0.004914
0.003926 0.004914
0.004123 0.004914
0.004321 0.004914
0.004519 0.004914
0.003728 0.004914
0.003728 0.005111
0.003926 0.005111
0.004123 0.005111
0.004321 0.005111
0.004519 0.005111
0.003728 0.005111
0.003728 0.005309
0.003926 0.005309
0.004123 0.005309
0.004321 0.005309
0.004519 0.005309
0.003728 0.005309
0.003728 0.005507
0.003926 0.005507
0.004123 0.005507
0.004321 0.005507
0.004519 0.005507
0.003728 0.005507
0.004716 0.004716
0.004519 0.004716
0.004321 0.004716
0.004123 0.004716
0.003926 0.004716
0.005704 -0.000225
0.005704 -0.000027
0.005902 -0.000027
0.006100 -0.000027
0.006297 -0.000027
0.006495 -0.000027
0.005704 -0.000027
0.005704 0.000171
0.005902 0.000171
0.006100 0.000171
0.006297 0.000171
0.006495 0.000171
0.005704 0.000171
0.005704 0.000368
0.005902 0.000368
0.006100 0.000368
0.006297 0.000368
0.006495 0.000368
0.005704 0.000368
0.005704 0.000566
0.005902 0.000566
0.006100 0.000566
0.006297 0.000566
0.006495 0.000566
0.005704 0.000566
0.006692 -0.000225
0.006495 -0.000225
0.006297 -0.000225
0.006100 -0.000225
0.005902 -0.000225
0.005704 0.000764
0.005704 0.000961
0.005902 0.000961
0.006100 0.000961
0.006297 0.000961
0.006495 0.000961
0.005704 0.000961
0.005704 0.001159
0.005902 0.001159
0.006100 0.001159
0.006297 0.001159
0.006495 0.001159
0.005704 0.001159
0.005704 0.001356
0.005902 0.001356
0.006100 0.001356
0.006297 0.001356
0.006495 0.001356
0.005704 0.001356
0.005704 0.001554
0.005902 0.001554
0.006100 0.001554
0.006297 0.001554
0.006495 0.001554
0.005704 0.001554
0.006692 0.000764
0.006495 0.000764
0.006297 0.000764
0.006100 0.000764
0.005902 0.000764
0.005704 0.001752
0.005704 0.001949
0.005902 0.001949
0.006100 0.001949
0.006297 0.001949
0.006495 0.001949
0.005704 0.001949
0.005704 0.002147
0.005902 0.002147
0.006100 0.002147
0.006297 0.002147
0.006495 0.002147
0.005704 0.002147
0.005704 0.002345
0.005902 0.002345
0.006100 0.002345
0.006297 0.002345
0.006495 0.002345
0.005704 0.002345
0.005704 0.002542
0.005902 0.002542
0.006100 0.002542
0.006297 0.002542
0.006495 0.002542
0.005704 0.002542
0.006692 0.001752
0.006495 0.001752
0.006297 0.001752
0.006100 0.001752
0.005902 0.001752
0.005704 0.002740
0.005704 0.002937
0.005902 0.002937
0.006100 0.002937
0.006297 0.002937
0.006495 0.002937
0.005704 0.002937
0.005704 0.003135
0.005902 0.003135
0.006100 0.003135
0.006297 0.003135
0.006495 0.003135
0.005704 0.003135
0.005704 0.003333
0.005902 0.003333
0.006100 0.003333
0.006297 0.003333
0.006495 0.003333
0.005704 0.003333
0.005704 0.003530
0.005902 0.003530
0.006100 0.003530
0.006297 0.003530
0.006495 0.003530
0.005704 0.003530
0.006692 0.002740
0.006495 0.002740
0.006297 0.002740
0.006100 0.002740
0.005902 0.002740
0.005704 0.003728
0.005704 0.003926
0.005902 0.003926
0.006100 0.003926
0.006297 0.003926
0.006495 0.003926
0.005704 0.003926
0.005704 0.004123
0.005902 0.004123
0.006100 0.004123
0.006297 0.004123
0.006495 0.004123
0.005704 0.004123
0.005704 0.004321
0.005902 0.004321
0.006100 0.004321
0.006297 0.004321
0.006495 0.004321
0.005704 0.004321
0.005704 0.004519
0.005902 0.004519
0.006100 0.004519
0.006297 0.004519
0.006495 0.004519
0.005704 0.004519
0.006692 0.003728
0.006495 0.003728
0.006297 0.003728
0.006100 0.003728
0.005902 0.003728
0.005704 0.004716
0.005704 0.004914
0.005902 0.004914
0.006100 0.004914
0.006297 0.004914
0.006495 0.004914
0.005704 0.004914
0.005704 0.005111
0.005902 0.005111
0.006100 0.005111
0.006297 0.005111
0.006495 0.005111
0.005704 0.005111
0.005704 0.005309
0.005902 0.005309
0.006100 0.005309
0.006297 0.005309
0.006495 0.005309
0.005704 0.005309
0.005704 0.005507
0.005902 0.005507
0.006100 0.005507
0.006297 0.005507
0.006495 0.005507
0.005704 0.005507
0.006692 0.004716
0.006495 0.004716
0.006297 0.004716
0.006100 0.004716
0.005902 0.004716
0.005704 0.005704
0.005704 0.005902
0.005902 0.005902
0.006100 0.005902
0.006297 0.005902
0.006495 0.005902
0.005704 0.005902
0.005704 0.006100
0.005902 0.006100
0.006100 0.006100
0.006297 0.006100
0.006495 0.006100
0.005704 0.006100
0.005704 0.006297
0.005902 0.006297
0.006100 0.006297
0.006297 0.006297
0.006495 0.006297
0.005704 0.006297
0.005704 0.006495
0.005902 0.006495
0.006100 0.006495
0.006297 0.006495
0.006495 0.006495
0.005704 0.006495
0.006692 0.005704
0.006495 0.005704
0.006297 0.005704
0.006100 0.005704
0.005902 0.005704
-0.000225 0.005704
-0.000225 0.005902
-0.000027 0.005902
0.000171 0.005902
0.000368 0.005902
0.000566 0.005902
-0.000225 0.005902
-0.000225 0.006100
-0.000027 0.006100
0.000171 0.006100
0.000368 0.006100
0.000566 0.006100
-0.000225 0.006100
-0.000225 0.006297
-0.000027 0.006297
0.000171 0.006297
0.000368 0.006297
0.000566 0.006297
-0.000225 0.006297
-0.000225 0.006495
-0.000027 0.006495
0.000171 0.006495
0.000368 0.006495
0.000566 0.006495
-0.000225 0.006495
0.000764 0.005704
0.000566 0.005704
0.000368 0.005704
0.000171 0.005704
-0.000027 0.005704
0.000764 0.005704
0.000764 0.005902
0.000961 0.005902
0.001159 0.005902
0.001356 0.005902
0.001554 0.005902
0.000764 0.005902
0.000764 0.006100
0.000961 0.006100
0.001159 0.006100
0.001356 0.006100
0.001554 0.006100
0.000764 0.006100
0.000764 0.006297
0.000961 0.006297
0.001159 0.006297
0.001356 0.006297
0.001554 0.006297
0.000764 0.006297
0.000764 0.006495
0.000961 0.006495
0.001159 0.006495
0.001356 0.006495
0.001554 0.006495
0.000764 0.006495
0.001752 0.005704
0.001554 0.005704
0.001356 0.005704
0.001159 0.005704
0.000961 0.005704
0.001752 0.005704
0.001752 0.005902
0.001949 0.005902
0.002147 0.005902
0.002345 0.005902
0.002542 0.005902
0.001752 0.005902
0.001752 0.006100
0.001949 0.006100
0.002147 0.006100
0.002345 0.006100
0.002542 0.006100
0.001752 0.006100
0.001752 0.006297
0.001949 0.006297
0.002147 0.006297
0.002345 0.006297
0.002542 0.006297
0.001752 0.006297
0.001752 0.006495
0.001949 0.006495
0.002147 0.006495
0.002345 0.006495
0.002542 0.006495
0.001752 0.006495
0.002740 0.005704
0.002542 0.005704
0.002345 0.005704
0.002147 0.005704
0.001949 0.005704
0.002740 0.005704
0.002740 0.005902
0.002937 0.005902
0.003135 0.005902
0.003333 0.005902
0.003530 0.005902
0.002740 0.005902
0.002740 0.006100
0.002937 0.006100
0.003135 0.006100
0.003333 0.006100
0.003530 0.006100
0.002740 0.006100
0.002740 0.006297
0.002937 0.006297
0.003135 0.006297
0.003333 0.006297
0.003530 0.006297
0.002740 0.006297
0.002740 0.006495
0.002937 0.006495
0.003135 0.006495
0.003333 0.006495
0.003530 0.006495
0.002740 0.006495
0.003728 0.005704
0.003530 0.005704
0.003333 0.005704
0.003135 0.005704
0.002937 0.005704
0.003728 0.005704
0.003728 0.005902
0.003926 0.005902
0.004123 0.005902
0.004321 0.005902
0.004519 0.005902
0.003728 0.005902
0.003728 0.006100
0.003926 0.006100
0.004123 0.006100
0.004321 0.006100
0.004519 0.006100
0.003728 0.006100
0.003728 0.006297
0.003926 0.006297
0.004123 0.006297
0.004321 0.006297
0.004519 0.006297
0.003728 0.006297
0.003728 0.006495
0.003926 0.006495
0.004123 0.006495
0.004321 0.006495
0.004519 0.006495
0.003728 0.006495
0.004716 0.005704
0.004519 0.005704
0.004321 0.005704
0.004123 0.005704
0.003926 0.005704
0.004716 0.005704
0.004716 0.005902
0.004914 0.005902
0.005111 0.005902
0.005309 0.005902
0.005507 0.005902
0.004716 0.005902
0.004716 0.006100
0.004914 0.006100
0.005111 0.006100
0.005309 0.006100
0.005507 0.006100
0.004716 0.006100
0.004716 0.006297
0.004914 0.006297
0.005111 0.006297
0.005309 0.006297
0.005507 0.006297
0.004716 0.006297
0.004716 0.006495
0.004914 0.006495
0.005111 0.006495
0.005309 0.006495
0.005507 0.006495
0.004716 0.006495
0.005704 0.005704
0.005507 0.005704
0.005309 0.005704
0.005111 0.005704
0.004914 0.005704
0.006692 -0.000225
0.006692 -0.000027
0.006890 -0.000027
0.007088 -0.000027
0.007285 -0.000027
0.007483 -0.000027
0.006692 -0.000027
0.006692 0.000171
0.006890 0.000171
0.007088 0.000171
0.007285 0.000171
0.007483 0.000171
0.006692 0.000171
0.006692 0.000368
0.006890 0.000368
0.007088 0.000368
0.007285 0.000368
0.007483 0.000368
0.006692 0.000368
0.006692 0.000566
0.006890 0.000566
0.007088 0.000566
0.007285 0.000566
0.007483 0.000566
0.006692 0.000566
0.007681 -0.000225
0.007483 -0.000225
0.007285 -0.000225
0.007088 -0.000225
0.006890 -0.000225
0.006692 0.000764
0.006692 0.000961
0.006890 0.000961
0.007088 0.000961
0.007285 0.000961
0.007483 0.000961
0.006692 0.000961
0.006692 0.001159
0.006890 0.001159
0.007088 0.001159
0.007285 0.001159
0.007483 0.001159
0.006692 0.001159
0.006692 0.001356
0.006890 0.001356
0.007088 0.001356
0.007285 0.001356
0.007483 0.001356
0.006692 0.001356
0.006692 0.001554
0.006890 0.001554
0.007088 0.001554
0.007285 0.001554
0.007483 0.001554
0.006692 0.001554
0.007681 0.000764
0.007483 0.000764
0.007285 0.000764
0.007088 0.000764
0.006890 0.000764
0.006692 0.001752
0.006692 0.001949
0.006890 0.001949
0.007088 0.001949
0.007285 0.001949
0.007483 0.001949
0.006692 0.001949
0.006692 0.002147
0.006890 0.002147
0.007088 0.002147
0.007285 0.002147
0.007483 0.002147
0.006692 0.002147
0.006692 0.002345
0.006890 0.002345
0.007088 0.002345
0.007285 0.002345
0.007483 0.002345
0.006692 0.002345
0.006692 0.002542
0.006890 0.002542
0.007088 0.002542
0.007285 0.002542
0.007483 0.002542
0.006692 0.002542
0.007681 0.001752
0.007483 0.001752
0.007285 0.001752
0.007088 0.001752
0.006890 0.001752
0.006692 0.002740
0.006692 0.002937
0.006890 0.002937
0.007088 0.002937
0.007285 0.002937
0.007483 0.002937
0.006692 0.002937
0.006692 0.003135
0.006890 0.003135
0.007088 0.003135
0.007285 0.003135
0.007483 0.003135
0.006692 0.003135
0.006692 0.003333
0.006890 0.003333
0.007088 0.003333
0.007285 0.003333
0.007483 0.003333
0.006692 0.003333
0.006692 0.003530
0.006890 0.003530
0.007088 0.003530
0.007285 0.003530
0.007483 0.003530
0.006692 0.003530
0.007681 0.002740
0.007483 0.002740
0.007285 0.002740
0.007088 0.002740
0.006890 0.002740
0.006692 0.003728
0.006692 0.003926
0.006890 0.003926
0.007088 0.003926
0.007285 0.003926
0.007483 0.003926
0.006692 0.003926
0.006692 0.004123
0.006890 0.004123
0.007088 0.004123
0.007285 0.004123
0.007483 0.004123
0.006692 0.004123
0.006692 0.004321
0.006890 0.004321
0.007088 0.004321
0.007285 0.004321
0.007483 0.004321
0.006692 0.004321
0.006692 0.004519
0.006890 0.004519
0.007088 0.004519
0.007285 0.004519
0.007483 0.004519
0.006692 0.004519
0.007681 0.003728
0.007483 0.003728
0.007285 0.003728
0.007088 0.003728
0.006890 0.003728
0.006692 0.004716
0.006692 0.004914
0.006890 0.004914
0.007088 0.004914
0.007285 0.004914
0.007483 0.004914
0.006692 0.004914
0.006692 0.005111
0.006890 0.005111
0.007088 0.005111
0.007285 0.005111
0.007483 0.005111
0.006692 0.005111
0.006692 0.005309
0.006890 0.005309
0.007088 0.005309
0.007285 0.005309
0.007483 0.005309
0.006692 0.005309
0.006692 0.005507
0.006890 0.005507
0.007088 0.005507
0.007285 0.005507
0.007483 0.005507
0.006692 0.005507
0.007681 0.004716
0.007483 0.004716
0.007285 0.004716
0.007088 0.004716
0.006890 0.004716
0.006692 0.005704
0.006692 0.005902
0.006890 0.005902
0.007088 0.005902
0.007285 0.005902
0.007483 0.005902
0.006692 0.005902
0.006692 0.006100
0.006890 0.006100
0.007088 0.006100
0.007285 0.006100
0.007483 0.006100
0.006692 0.006100
0.006692 0.006297
0.006890 0.006297
0.007088 0.006297
0.007285 0.006297
0.007483 0.006297
0.006692 0.006297
0.006692 0.006495
0.006890 0.006495
0.007088 0.006495
0.007285 0.006495
0.007483 0.006495
0.006692 0.006495
0.007681 0.005704
0.007483 0.005704
0.007285 0.005704
0.007088 0.005704
0.006890 0.005704
0.006692 0.006692
0.006692 0.006890
0.006890 0.006890
0.007088 0.006890
0.007285 0.006890
0.007483 0.006890
0.006692 0.006890
0.006692 0.007088
0.006890 0.007088
0.007088 0.007088
0.007285 0.007088
0.007483 0.007088
0.006692 0.007088
0.006692 0.007285
0.006890 0.007285
0.007088 0.007285
0.007285 0.007285
0.007483 0.007285
0.006692 0.007285
0.006692 0.007483
0.006890 0.007483
0.007088 0.007483
0.007285 0.007483
0.007483 0.007483
0.006692 0.007483
0.007681 0.006692
0.007483 0.006692
0.007285 0.006692
0.007088 0.006692
0.006890 0.006692
-0.000225 0.006692
-0.000225 0.006890
-0.000027 0.006890
0.000171 0.006890
0.000368 0.006890
0.000566 0.006890
-0.000225 0.006890
-0.000225 0.007088
-0.000027 0.007088
0.000171 0.007088
0.000368 0.007088
0.000566 0.007088
-0.000225 0.007088
-0.000225 0.007285
-0.000027 0.007285
0.000171 0.007285
0.000368 0.007285
0.000566 0.007285
-0.000225 0.007285
-0.000225 0.007483
-0.000027 0.007483
0.000171 0.007483
0.000368 0.007483
0.000566 0.007483
-0.000225 0.007483
0.000764 0.006692
0.000566 0.006692
0.000368 0.006692
0.000171 0.006692
-0.000027 0.006692
0.000764 0.006692
0.000764 0.006890
0.000961 0.006890
0.001159 0.006890
0.001356 0.006890
0.001554 0.006890
0.000764 0.006890
0.000764 0.007088
0.000961 0.007088
0.001159 0.007088
0.001356 0.007088
0.001554 0.007088
0.000764 0.007088
0.000764 0.007285
0.000961 0.007285
0.001159 0.007285
0.001356 0.007285
0.001554 0.007285
0.000764 0.007285
0.000764 0.007483
0.000961 0.007483
0.001159 0.007483
0.001356 0.007483
0.001554 0.007483
0.000764 0.007483
0.001752 0.006692
0.001554 0.006692
0.001356 0.006692
0.001159 0.006692
0.000961 0.006692
0.001752 0.006692
0.001752 0.006890
0.001949 0.006890
0.002147 0.006890
0.002345 0.006890
0.002542 0.006890
0.001752 0.006890
0.001752 0.007088
0.001949 0.007088
0.002147 0.007088
0.002345 0.007088
0.002542 0.007088
0.001752 0.007088
0.001752 0.007285
0.001949 0.007285
0.002147 0.007285
0.002345 0.007285
0.002542 0.007285
0.001752 0.007285
0.001752 0.007483
0.001949 0.007483
0.002147 0.007483
0.002345 0.007483
0.002542 0.007483
0.001752 0.007483
0.002740 0.006692
0.002542 0.006692
0.002345 0.006692
0.002147 0.006692
0.001949 0.006692
0.002740 0.006692
0.002740 0.006890
0.002937 0.006890
0.003135 0.006890
0.003333 0.006890
0.003530 0.006890
0.002740 0.006890
0.002740 0.007088
0.002937 0.007088
0.003135 0.007088
0.003333 0.007088
0.003530 0.007088
0.002740 0.007088
0.002740 0.007285
0.002937 0.007285
0.003135 0.007285
0.003333 0.007285
0.003530 0.007285
0.002740 0.007285
0.002740 0.007483
0.002937 0.007483
0.003135 0.007483
0.003333 0.007483
0.003530 0.007483
0.002740 0.007483
0.003728 0.006692
0.003530 0.006692
0.003333 0.006692
0.003135 0.006692
0.002937 0.006692
0.003728 0.006692
0.003728 0.006890
0.003926 0.006890
0.004123 0.006890
0.004321 0.006890
0.004519 0.006890
0.003728 0.006890
0.003728 0.007088
0.003926 0.007088
0.004123 0.007088
0.004321 0.007088
0.004519 0.007088
0.003728 0.007088
0.003728 0.007285
0.003926 0.007285
0.004123 0.007285
0.004321 0.007285
0.004519 0.007285
0.003728 0.007285
0.003728 0.007483
0.003926 0.007483
0.004123 0.007483
0.004321 0.007483
0.004519 0.007483
0.003728 0.007483
0.004716 0.006692
0.004519 0.006692
0.004321 0.006692
0.004123 0.006692
0.003926 0.006692
0.004716 0.006692
0.004716 0.006890
0.004914 0.006890
0.005111 0.006890
0.005309 0.006890
0.005507 0.006890
0.004716 0.006890
0.004716 0.007088
0.004914 0.007088
0.005111 0.007088
0.005309 0.007088
0.005507 0.007088
0.004716 0.007088
0.004716 0.007285
0.004914 0.007285
0.005111 0.007285
0.005309 0.007285
0.005507 0.007285
0.004716 0.007285
0.004716 0.007483
0.004914 0.007483
0.005111 0.007483
0.005309 0.007483
0.005507 0.007483
0.004716 0.007483
0.005704 0.006692
0.005507 0.006692
0.005309 0.006692
0.005111 0.006692
0.004914 0.006692
0.005704 0.006692
0.005704 0.006890
0.005902 0.006890
0.006100 0.006890
0.006297 0.006890
0.006495 0.006890
0.005704 0.006890
0.005704 0.007088
0.005902 0.007088
0.006100 0.007088
0.006297 0.007088
0.006495 0.007088
0.005704 0.007088
0.005704 0.007285
0.005902 0.007285
0.006100 0.007285
0.006297 0.007285
0.006495 0.007285
0.005704 0.007285
0.005704 0.007483
0.005902 0.007483
0.006100 0.007483
0.006297 0.007483
0.006495 0.007483
0.005704 0.007483
0.006692 0.006692
0.006495 0.006692
0.006297 0.006692
0.006100 0.006692
0.005902 0.006692
0.007681 -0.000225
0.007681 -0.000027
0.007878 -0.000027
0.008076 -0.000027
0.008273 -0.000027
0.008471 -0.000027
0.007681 -0.000027
0.007681 0.000171
0.007878 0.000171
0.008076 0.000171
0.008273 0.000171
0.008471 0.000171
0.007681 0.000171
0.007681 0.000368
0.007878 0.000368
0.008076 0.000368
0.008273 0.000368
0.008471 0.000368
0.007681 0.000368
0.007681 0.000566
0.007878 0.000566
0.008076 0.000566
0.008273 0.000566
0.008471 0.000566
0.007681 0.000566
0.008669 -0.000225
0.008471 -0.000225
0.008273 -0.000225
0.008076 -0.000225
0.007878 -0.000225
0.007681 0.000764
0.007681 0.000961
0.007878 0.000961
0.008076 0.000961
0.008273 0.000961
0.008471 0.000961
0.007681 0.000961
0.007681 0.001159
0.007878 0.001159
0.008076 0.001159
0.008273 0.001159
0.008471 0.001159
0.007681 0.001159
0.007681 0.001356
0.007878 0.001356
0.008076 0.001356
0.008273 0.001356
0.008471 0.001356
0.007681 0.001356
0.007681 0.001554
0.007878 0.001554
0.008076 0.001554
0.008273 0.001554
0.008471 0.001554
0.007681 0.001554
0.008669 0.000764
0.008471 0.000764
0.008273 0.000764
0.008076 0.000764
0.007878 0.000764
0.007681 0.001752
0.007681 0.001949
0.007878 0.001949
0.008076 0.001949
0.008273 0.001949
0.008471 0.001949
0.007681 0.001949
0.007681 0.002147
0.007878 0.002147
0.008076 0.002147
0.008273 0.002147
0.008471 0.002147
0.007681 0.002147
0.007681 0.002345
0.007878 0.002345
0.008076 0.002345
0.008273 0.002345
0.008471 0.002345
0.007681 0.002345
0.007681 0.002542
0.007878 0.002542
0.008076 0.002542
0.008273 0.002542
0.008471 0.002542
0.007681 0.002542
0.008669 0.001752
0.008471 0.001752
0.008273 0.001752
0.008076 0.001752
0.007878 0.001752
0.007681 0.002740
0.007681 0.002937
0.007878 0.002937
0.008076 0.002937
0.008273 0.002937
0.008471 0.002937
0.007681 0.002937
0.007681 0.003135
0.007878 0.003135
0.008076 0.003135
0.008273 0.003135
0.008471 0.003135
0.007681 0.003135
0.007681 0.003333
0.007878 0.003333
0.008076 0.003333
0.008273 0.003333
0.008471 0.003333
0.007681 0.003333
0.007681 0.003530
0.007878 0.003530
0.008076 0.003530
0.008273 0.003530
0.008471 0.003530
0.007681 0.003530
0.008669 0.002740
0.008471 0.002740
0.008273 0.002740
0.008076 0.002740
0.007878 0.002740
0.007681 0.003728
0.007681 0.003926
0.007878 0.003926
0.008076 0.003926
0.008273 0.003926
0.008471 0.003926
0.007681 0.003926
0.007681 0.004123
0.007878 0.004123
0.008076 0.004123
0.008273 0.004123
0.008471 0.004123
0.007681 0.004123
0.007681 0.004321
0.007878 0.004321
0.008076 0.004321
0.008273 0.004321
0.008471 0.004321
0.007681 0.004321
0.007681 0.004519
0.007878 0.004519
0.008076 0.004519
0.008273 0.004519
0.008471 0.004519
0.007681 0.004519
0.008669 0.003728
0.008471 0.003728
0.008273 0.003728
0.008076 0.003728
0.007878 0.003728
0.007681 0.004716
0.007681 0.004914
0.007878 0.004914
0.008076 0.004914
0.008273 0.004914
0.008471 0.004914
0.007681 0.004914
0.007681 0.005111
0.007878 0.005111
0.008076 0.005111
0.008273 0.005111
0.008471 0.005111
0.007681 0.005111
0.007681 0.005309
0.007878 0.005309
0.008076 0.005309
0.008273 0.005309
0.008471 0.005309
0.007681 0.005309
0.007681 0.005507
0.007878 0.005507
0.008076 0.005507
0.008273 0.005507
0.008471 0.005507
0.007681 0.005507
0.008669 0.004716
0.008471 0.004716
0.008273 0.004716
0.008076 0.004716
0.007878 0.004716
0.007681 0.005704
0.007681 0.005902
0.007878 0.005902
0.008076 0.005902
0.008273 0.005902
0.008471 0.005902
0.007681 0.005902
0.007681 0.006100
0.007878 0.006100
0.008076 0.006100
0.008273 0.006100
0.008471 0.006100
0.007681 0.006100
0.007681 0.006297
0.007878 0.006297
0.008076 0.006297
0.008273 0.006297
0.008471 0.006297
0.007681 0.006297
0.007681 0.006495
0.007878 0.006495
0.008076 0.006495
0.008273 0.006495
0.008471 0.006495
0.007681 0.006495
0.008669 0.005704
0.008471 0.005704
0.008273 0.005704
0.008076 0.005704
0.007878 0.005704
0.007681 0.006692
0.007681 0.006890
0.007878 0.006890
0.008076 0.006890
0.008273 0.006890
0.008471 0.006890
0.007681 0.006890
0.007681 0.007088
0.007878 0.007088
0.008076 0.007088
0.008273 0.007088
0.008471 0.007088
0.007681 0.007088
0.007681 0.007285
0.007878 0.007285
0.008076 0.007285
0.008273 0.007285
0.008471 0.007285
0.007681 0.007285
0.007681 0.007483
0.007878 0.007483
0.008076 0.007483
0.008273 0.007483
0.008471 0.007483
0.007681 0.007483
0.008669 0.006692
0.008471 0.006692
0.008273 0.006692
0.008076 0.006692
0.007878 0.006692
0.007681 0.007681
0.007681 0.007878
0.007878 0.007878
0.008076 0.007878
0.008273 0.007878
0.008471 0.007878
0.007681 0.007878
0.007681 0.008076
0.007878 0.008076
0.008076 0.008076
0.008273 0.008076
0.008471 0.008076
0.007681 0.008076
0.007681 0.008273
0.007878 0.008273
0.008076 0.008273
0.008273 0.008273
0.008471 0.008273
0.007681 0.008273
0.007681 0.008471
0.007878 0.008471
0.008076 0.008471
0.008273 0.008471
0.008471 0.008471
0.007681 0.008471
0.008669 0.007681
0.008471 0.007681
0.008273 0.007681
0.008076 0.007681
0.007878 0.007681
-0.000225 0.007681
-0.000225 0.007878
-0.000027 0.007878
0.000171 0.007878
0.000368 0.007878
0.000566 0.007878
-0.000225 0.007878
-0.000225 0.008076
-0.000027 0.008076
0.000171 0.008076
0.000368 0.008076
0.000566 0.008076
-0.000225 0.008076
-0.000225 0.008273
-0.000027 0.008273
0.000171 0.008273
0.000368 0.008273
0.000566 0.008273
-0.000225 0.008273
-0.000225 0.008471
-0.000027 0.008471
0.000171 0.008471
0.000368 0.008471
0.000566 0.008471
-0.000225 0.008471
0.000764 0.007681
0.000566 0.007681
0.000368 0.007681
0.000171 0.007681
-0.000027 0.007681
0.000764 0.007681
0.000764 0.007878
0.000961 0.007878
0.001159 0.007878
0.001356 0.007878
0.001554 0.007878
0.000764 0.007878
0.000764 0.008076
0.000961 0.008076
0.001159 0.008076
0.001356 0.008076
0.001554 0.008076
0.000764 0.008076
0.000764 0.008273
0.000961 0.008273
0.001159 0.008273
0.001356 0.008273
0.001554 0.008273
0.000764 0.008273
0.000764 0.008471
0.000961 0.008471
0.001159 0.008471
0.001356 0.008471
0.001554 0.008471
0.000764 0.008471
0.001752 0.007681
0.001554 0.007681
0.001356 0.007681
0.001159 0.007681
0.000961 0.007681
0.001752 0.007681
0.001752 0.007878
0.001949 0.007878
0.002147 0.007878
0.002345 0.007878
0.002542 0.007878
0.001752 0.007878
0.001752 0.008076
0.001949 0.008076
0.002147 0.008076
0.002345 0.008076
0.002542 0.008076
0.001752 0.008076
0.001752 0.008273
0.001949 0.008273
0.002147 0.008273
0.002345 0.008273
0.002542 0.008273
0.001752 0.008273
0.001752 0.008471
0.001949 0.008471
0.002147 0.008471
0.002345 0.008471
0.002542 0.008471
0.001752 0.008471
0.002740 0.007681
0.002542 0.007681
0.002345 0.007681
0.002147 0.007681
0.001949 0.007681
0.002740 0.007681
0.002740 0.007878
0.002937 0.007878
0.003135 0.007878
0.003333 0.007878
0.003530 0.007878
0.002740 0.007878
0.002740 0.008076
0.002937 0.008076
0.003135 0.008076
0.003333 0.008076
0.003530 0.008076
0.002740 0.008076
0.002740 0.008273
0.002937 0.008273
0.003135 0.008273
0.003333 0.008273
0.003530 0.008273
0.002740 0.008273
0.002740 0.008471
0.002937 0.008471
0.003135 0.008471
0.003333 0.008471
0.003530 0.008471
0.002740 0.008471
0.003728 0.007681
0.003530 0.007681
0.003333 0.007681
0.003135 0.007681
0.002937 0.007681
0.003728 0.007681
0.003728 0.007878
0.003926 0.007878
0.004123 0.007878
0.004321 0.007878
0.004519 0.007878
0.003728 0.007878
0.003728 0.008076
0.003926 0.008076
0.004123 0.008076
0.004321 0.008076
0.004519 0.008076
0.003728 0.008076
0.003728 0.008273
0.003926 0.008273
0.004123 0.008273
0.004321 0.008273
0.004519 0.008273
0.003728 0.008273
0.003728 0.008471
0.003926 0.008471
0.004123 0.008471
0.004321 0.008471
0.004519 0.008471
0.003728 0.008471
0.004716 0.007681
0.004519 0.007681
0.004321 0.007681
0.004123 0.007681
0.003926 0.007681
0.004716 0.007681
0.004716 0.007878
0.004914 0.007878
0.005111 0.007878
0.005309 0.007878
0.005507 0.007878
0.004716 0.007878
0.004716 0.008076
0.004914 0.008076
0.005111 0.008076
0.005309 0.008076
0.005507 0.008076
0.004716 0.008076
0.004716 0.008273
0.004914 0.008273
0.005111 0.008273
0.005309 0.008273
0.005507 0.008273
0.004716 0.008273
0.004716 0.008471
0.004914 0.008471
0.005111 0.008471
0.005309 0.008471
0.005507 0.008471
0.004716 0.008471
0.005704 0.007681
0.005507 0.007681
0.005309 0.007681
0.005111 0.007681
0.004914 0.007681
0.005704 0.007681
0.005704 0.007878
0.005902 0.007878
0.006100 0.007878
0.006297 0.007878
0.006495 0.007878
0.005704 0.007878
0.005704 0.008076
0.005902 0.008076
0.006100 0.008076
0.006297 0.008076
0.006495 0.008076
0.005704 0.008076
0.005704 0.008273
0.005902 0.008273
0.006100 0.008273
0.006297 0.008273
0.006495 0.008273
0.005704 0.008273
0.005704 0.008471
0.005902 0.008471
0.006100 0.008471
0.006297 0.008471
0.006495 0.008471
0.005704 0.008471
0.006692 0.007681
0.006495 0.007681
0.006297 0.007681
0.006100 0.007681
0.005902 0.007681
0.006692 0.007681
0.006692 0.007878
0.006890 0.007878
0.007088 0.007878
0.007285 0.007878
0.007483 0.007878
0.006692 0.007878
0.006692 0.008076
0.006890 0.008076
0.007088 0.008076
0.007285 0.008076
0.007483 0.008076
0.006692 0.008076
0.006692 0.008273
0.006890 0.008273
0.007088 0.008273
0.007285 0.008273
0.007483 0.008273
0.006692 0.008273
0.006692 0.008471
0.006890 0.008471
0.007088 0.008471
0.007285 0.008471
0.007483 0.008471
0.006692 0.008471
0.007681 0.007681
0.007483 0.007681
0.007285 0.007681
0.007088 0.007681
0.006890 0.007681
0.008669 -0.000225
0.008669 -0.000027
0.008866 -0.000027
0.009064 -0.000027
0.009262 -0.000027
0.009459 -0.000027
0.008669 -0.000027
0.008669 0.000171
0.008866 0.000171
0.009064 0.000171
0.009262 0.000171
0.009459 0.000171
0.008669 0.000171
0.008669 0.000368
0.008866 0.000368
0.009064 0.000368
0.009262 0.000368
0.009459 0.000368
0.008669 0.000368
0.008669 0.000566
0.008866 0.000566
0.009064 0.000566
0.009262 0.000566
0.009459 0.000566
0.008669 0.000566
0.009657 0.000764
0.009657 0.000566
0.009657 0.000368
0.009657 0.000171
0.009657 -0.000027
0.009657 -0.000225
0.009459 -0.000225
0.009262 -0.000225
0.009064 -0.000225
0.008866 -0.000225
0.008669 0.000764
0.008669 0.000961
0.008866 0.000961
0.009064 0.000961
0.009262 0.000961
0.009459 0.000961
0.008669 0.000961
0.008669 0.001159
0.008866 0.001159
0.009064 0.001159
0.009262 0.001159
0.009459 0.001159
0.008669 0.001159
0.008669 0.001356
0.008866 0.001356
0.009064 0.001356
0.009262 0.001356
0.009459 0.001356
0.008669 0.001356
0.008669 0.001554
0.008866 0.001554
0.009064 0.001554
0.009262 0.001554
0.009459 0.001554
0.008669 0.001554
0.009657 0.001752
0.009657 0.001554
0.009657 0.001356
0.009657 0.001159
0.009657 0.000961
0.009657 0.000764
0.009459 0.000764
0.009262 0.000764
0.009064 0.000764
0.008866 0.000764
0.008669 0.001752
0.008669 0.001949
0.008866 0.001949
0.009064 0.001949
0.009262 0.001949
0.009459 0.001949
0.008669 0.001949
0.008669 0.002147
0.008866 0.002147
0.009064 0.002147
0.009262 0.002147
0.009459 0.002147
0.008669 0.002147
0.008669 0.002345
0.008866 0.002345
0.009064 0.002345
0.009262 0.002345
0.009459 0.002345
0.008669 0.002345
0.008669 0.002542
0.008866 0.002542
0.009064 0.002542
0.009262 0.002542
0.009459 0.002542
0.008669 0.002542
0.009657 0.002740
0.009657 0.002542
0.009657 0.002345
0.009657 0.002147
0.009657 0.001949
0.009657 0.001752
0.009459 0.001752
0.009262 0.001752
0.009064 0.001752
0.008866 0.001752
0.008669 0.002740
0.008669 0.002937
0.008866 0.002937
0.009064 0.002937
0.009262 0.002937
0.009459 0.002937
0.008669 0.002937
0.008669 0.003135
0.008866 0.003135
0.009064 0.003135
0.009262 0.003135
0.009459 0.003135
0.008669 0.003135
0.008669 0.003333
0.008866 0.003333
0.009064 0.003333
0.009262 0.003333
0.009459 0.003333
0.008669 0.003333
0.008669 0.003530
0.008866 0.003530
0.009064 0.003530
0.009262 0.003530
0.009459 0.003530
0.008669 0.003530
0.009657 0.003728
0.009657 0.003530
0.009657 0.003333
0.009657 0.003135
0.009657 0.002937
0.009657 0.002740
0.009459 0.002740
0.009262 0.002740
0.009064 0.002740
0.008866 0.002740
0.008669 0.003728
0.008669 0.003926
0.008866 0.003926
0.009064 0.003926
0.009262 0.003926
0.009459 0.003926
0.008669 0.003926
0.008669 0.004123
0.008866 0.004123
0.009064 0.004123
0.009262 0.004123
0.009459 0.004123
0.008669 0.004123
0.008669 0.004321
0.008866 0.004321
0.009064 0.004321
0.009262 0.004321
0.009459 0.004321
0.008669 0.004321
0.008669 0.004519
0.008866 0.004519
0.009064 0.004519
0.009262 0.004519
0.009459 0.004519
0.008669 0.004519
0.009657 0.004716
0.009657 0.004519
0.009657 0.004321
0.009657 0.004123
0.009657 0.003926
0.009657 0.003728
0.009459 0.003728
0.009262 0.003728
0.009064 0.003728
0.008866 0.003728
0.008669 0.004716
0.008669 0.004914
0.008866 0.004914
0.009064 0.004914
0.009262 0.004914
0.009459 0.004914
0.008669 0.004914
0.008669 0.005111
0.008866 0.005111
0.009064 0.005111
0.009262 0.005111
0.009459 0.005111
0.008669 0.005111
0.008669 0.005309
0.008866 0.005309
0.009064 0.005309
0.009262 0.005309
0.009459 0.005309
0.008669 0.005309
0.008669 0.005507
0.008866 0.005507
0.009064 0.005507
0.009262 0.005507
0.009459 0.005507
0.008669 0.005507
0.009657 0.005704
0.009657 0.005507
0.009657 0.005309
0.009657 0.005111
0.009657 0.004914
0.009657 0.004716
0.009459 0.004716
0.009262 0.004716
0.009064 0.004716
0.008866 0.004716
0.008669 0.005704
0.008669 0.005902
0.008866 0.005902
0.009064 0.005902
0.009262 0.005902
0.009459 0.005902
0.008669 0.005902
0.008669 0.006100
0.008866 0.006100
0.009064 0.006100
0.009262 0.006100
0.009459 0.006100
0.008669 0.006100
0.008669 0.006297
0.008866 0.006297
0.009064 0.006297
0.009262 0.006297
0.009459 0.006297
0.008669 0.006297
0.008669 0.006495
0.008866 0.006495
0.009064 0.006495
0.009262 0.006495
0.009459 0.006495
0.008669 0.006495
0.009657 0.006692
0.009657 0.006495
0.009657 0.006297
0.009657 0.006100
0.009657 0.005902
0.009657 0.005704
0.009459 0.005704
0.009262 0.005704
0.009064 0.005704
0.008866 0.005704
0.008669 0.006692
0.008669 0.006890
0.008866 0.006890
0.009064 0.006890
0.009262 0.006890
0.009459 0.006890
0.008669 0.006890
0.008669 0.007088
0.008866 0.007088
0.009064 0.007088
0.009262 0.007088
0.009459 0.007088
0.008669 0.007088
0.008669 0.007285
0.008866 0.007285
0.009064 0.007285
0.009262 0.007285
0.009459 0.007285
0.008669 0.007285
0.008669 0.007483
0.008866 0.007483
0.009064 0.007483
0.009262 0.007483
0.009459 0.007483
0.008669 0.007483
0.009657 0.007681
0.009657 0.007483
0.009657 0.007285
0.009657 0.007088
0.009657 0.006890
0.009657 0.006692
0.009459 0.006692
0.009262 0.006692
0.009064 0.006692
0.008866 0.006692
0.008669 0.007681
0.008669 0.007878
0.008866 0.007878
0.009064 0.007878
0.009262 0.007878
0.009459 0.007878
0.008669 0.007878
0.008669 0.008076
0.008866 0.008076
0.009064 0.008076
0.009262 0.008076
0.009459 0.008076
0.008669 0.008076
0.008669 0.008273
0.008866 0.008273
0.009064 0.008273
0.009262 0.008273
0.009459 0.008273
0.008669 0.008273
0.008669 0.008471
0.008866 0.008471
0.009064 0.008471
0.009262 0.008471
0.009459 0.008471
0.008669 0.008471
0.009657 0.008669
0.009657 0.008471
0.009657 0.008273
0.009657 0.008076
0.009657 0.007878
0.009657 0.007681
0.009459 0.007681
0.009262 0.007681
0.009064 0.007681
0.008866 0.007681
0.008669 0.008669
0.008669 0.008866
0.008866 0.008866
0.009064 0.008866
0.009262 0.008866
0.009459 0.008866
0.008669 0.008866
0.008669 0.009064
0.008866 0.009064
0.009064 0.009064
0.009262 0.009064
0.009459 0.009064
0.008669 0.009064
0.008669 0.009262
0.008866 0.009262
0.009064 0.009262
0.009262 0.009262
0.009459 0.009262
0.008669 0.009262
0.008669 0.009459
0.008866 0.009459
0.009064 0.009459
0.009262 0.009459
0.009459 0.009459
0.008669 0.009459
0.008669 0.009657
0.008866 0.009657
0.009064 0.009657
0.009262 0.009657
0.009459 0.009657
0.009657 0.009657
0.009657 0.009459
0.009657 0.009262
0.009657 0.009064
0.009657 0.008866
0.009657 0.008669
0.009459 0.008669
0.009262 0.008669
0.009064 0.008669
0.008866 0.008669
-0.000225 0.008669
-0.000225 0.008866
-0.000027 0.008866
0.000171 0.008866
0.000368 0.008866
0.000566 0.008866
-0.000225 0.008866
-0.000225 0.009064
-0.000027 0.009064
0.000171 0.009064
0.000368 0.009064
0.000566 0.009064
-0.000225 0.009064
-0.000225 0.009262
-0.000027 0.009262
0.000171 0.009262
0.000368 0.009262
0.000566 0.009262
-0.000225 0.009262
-0.000225 0.009459
-0.000027 0.009459
0.000171 0.009459
0.000368 0.009459
0.000566 0.009459
-0.000225 0.009459
-0.000225 0.009657
-0.000027 0.009657
0.000171 0.009657
0.000368 0.009657
0.000566 0.009657
0.000764 0.008669
0.000566 0.008669
0.000368 0.008669
0.000171 0.008669
-0.000027 0.008669
0.000764 0.008669
0.000764 0.008866
0.000961 0.008866
0.001159 0.008866
0.001356 0.008866
0.001554 0.008866
0.000764 0.008866
0.000764 0.009064
0.000961 0.009064
0.001159 0.009064
0.001356 0.009064
0.001554 0.009064
0.000764 0.009064
0.000764 0.009262
0.000961 0.009262
0.001159 0.009262
0.001356 0.009262
0.001554 0.009262
0.000764 0.009262
0.000764 0.009459
0.000961 0.009459
0.001159 0.009459
0.001356 0.009459
0.001554 0.009459
0.000764 0.009459
0.000764 0.009657
0.000961 0.009657
0.001159 0.009657
0.001356 0.009657
0.001554 0.009657
0.001752 0.008669
0.001554 0.008669
0.001356 0.008669
0.001159 0.008669
0.000961 0.008669
0.001752 0.008669
0.001752 0.008866
0.001949 0.008866
0.002147 0.008866
0.002345 0.008866
0.002542 0.008866
0.001752 0.008866
0.001752 0.009064
0.001949 0.009064
0.002147 0.009064
0.002345 0.009064
0.002542 0.009064
0.001752 0.009064
0.001752 0.009262
0.001949 0.009262
0.002147 0.009262
0.002345 0.009262
0.002542 0.009262
0.001752 0.009262
0.001752 0.009459
0.001949 0.009459
0.002147 0.009459
0.002345 0.009459
0.002542 0.009459
0.001752 0.009459
0.001752 0.009657
0.001949 0.009657
0.002147 0.009657
0.002345 0.009657
0.002542 0.009657
0.002740 0.008669
0.002542 0.008669
0.002345 0.008669
0.002147 0.008669
0.001949 0.008669
0.002740 0.008669
0.002740 0.008866
0.002937 0.008866
0.003135 0.008866
0.003333 0.008866
0.003530 0.008866
0.002740 0.008866
0.002740 0.009064
0.002937 0.009064
0.003135 0.009064
0.003333 0.009064
0.003530 0.009064
0.002740 0.009064
0.002740 0.009262
0.002937 0.009262
0.003135 0.009262
0.003333 0.009262
0.003530 0.009262
0.002740 0.009262
0.002740 0.009459
0.002937 0.009459
0.003135 0.009459
0.003333 0.009459
0.003530 0.009459
0.002740 0.009459
0.002740 0.009657
0.002937 0.009657
0.003135 0.009657
0.003333 0.009657
0.003530 0.009657
0.003728 0.008669
0.003530 0.008669
0.003333 0.008669
0.003135 0.008669
0.002937 0.008669
0.003728 0.008669
0.003728 0.008866
0.003926 0.008866
0.004123 0.008866
0.004321 0.008866
0.004519 0.008866
0.003728 0.008866
0.003728 0.009064
0.003926 0.009064
0.004123 0.009064
0.004321 0.009064
0.004519 0.009064
0.003728 0.009064
0.003728 0.009262
0.003926 0.009262
0.004123 0.009262
0.004321 0.009262
0.004519 0.009262
0.003728 0.009262
0.003728 0.009459
0.003926 0.009459
0.004123 0.009459
0.004321 0.009459
0.004519 0.009459
0.003728 0.009459
0.003728 0.009657
0.003926 0.009657
0.004123 0.009657
0.004321 0.009657
0.004519 0.009657
0.004716 0.008669
0.004519 0.008669
0.004321 0.008669
0.004123 0.008669
0.003926 0.008669
0.004716 0.008669
0.004716 0.008866
0.004914 0.008866
0.005111 0.008866
0.005309 0.008866
0.005507 0.008866
0.004716 0.008866
0.004716 0.009064
0.004914 0.009064
0.005111 0.009064
0.005309 0.009064
0.005507 0.009064
0.004716 0.009064
0.004716 0.009262
0.004914 0.009262
0.005111 0.009262
0.005309 0.009262
0.005507 0.009262
0.004716 0.009262
0.004716 0.009459
0.004914 0.009459
0.005111 0.009459
0.005309 0.009459
0.005507 0.009459
0.004716 0.009459
0.004716 0.009657
0.004914 0.009657
0.005111 0.009657
0.005309 0.009657
0.005507 0.009657
0.005704 0.008669
0.005507 0.008669
0.005309 0.008669
0.005111 0.008669
0.004914 0.008669
0.005704 0.008669
0.005704 0.008866
0.005902 0.008866
0.006100 0.008866
0.006297 0.008866
0.006495 0.008866
0.005704 0.008866
0.005704 0.009064
0.005902 0.009064
0.006100 0.009064
0.006297 0.009064
0.006495 0.009064
0.005704 0.009064
0.005704 0.009262
0.005902 0.009262
0.006100 0.009262
0.006297 0.009262
0.006495 0.009262
0.005704 0.009262
0.005704 0.009459
0.005902 0.009459
0.006100 0.009459
0.006297 0.009459
0.006495 0.009459
0.005704 0.009459
0.005704 0.009657
0.005902 0.009657
0.006100 0.009657
0.006297 0.009657
0.006495 0.009657
0.006692 0.008669
0.006495 0.008669
0.006297 0.008669
0.006100 0.008669
0.005902 0.008669
0.006692 0.008669
0.006692 0.008866
0.006890 0.008866
0.007088 0.008866
0.007285 0.008866
0.007483 0.008866
0.006692 0.008866
0.006692 0.009064
0.006890 0.009064
0.007088 0.009064
0.007285 0.009064
0.007483 0.009064
0.006692 0.009064
0.006692 0.009262
0.006890 0.009262
0.007088 0.009262
0.007285 0.009262
0.007483 0.009262
0.006692 0.009262
0.006692 0.009459
0.006890 0.009459
0.007088 0.009459
0.007285 0.009459
0.007483 0.009459
0.006692 0.009459
0.006692 0.009657
0.006890 0.009657
0.007088 0.009657
0.007285 0.009657
0.007483 0.009657
0.007681 0.008669
0.007483 0.008669
0.007285 0.008669
0.007088 0.008669
0.006890 0.008669
0.007681 0.008669
0.007681 0.008866
0.007878 0.008866
0.008076 0.008866
0.008273 0.008866
0.008471 0.008866
0.007681 0.008866
0.007681 0.009064
0.007878 0.009064
0.008076 0.009064
0.008273 0.009064
0.008471 0.009064
0.007681 0.009064
0.007681 0.009262
0.007878 0.009262
0.008076 0.009262
0.008273 0.009262
0.008471 0.009262
0.007681 0.009262
0.007681 0.009459
0.007878 0.009459
0.008076 0.009459
0.008273 0.009459
0.008471 0.009459
0.007681 0.009459
0.007681 0.009657
0.007878 0.009657
0.008076 0.009657
0.008273 0.009657
0.008471 0.009657
0.008669 0.008669
0.008471 0.008669
0.008273 0.008669
0.008076 0.008669
0.007878 0.008669
