-43.093665 -22.920738
-43.093399 -22.920681
-43.093076 -22.920611
-43.092772 -22.920546
-43.092487 -22.920484
-43.092201 -22.920426
-43.091894 -22.920377
-43.091479 -22.920324
-43.091095 -22.920261
-43.090730 -22.920199
-43.090243 -22.920108
-43.089946 -22.920053
-43.089723 -22.919968
-43.089781 -22.919631
-43.089864 -22.919234
-43.089930 -22.918926
-43.090009 -22.918556
-43.090076 -22.918248
-43.090136 -22.917975
-43.090212 -22.917631
-43.090293 -22.917270
-43.090369 -22.916927
-43.090459 -22.916522
-43.090520 -22.916250
-43.090588 -22.915942
-43.090637 -22.915722
-43.091272 -22.916144
-43.091198 -22.916460
-43.091093 -22.916908
-43.091040 -22.917136
-43.090962 -22.917470
-43.090879 -22.917830
-43.090815 -22.918130
-43.090754 -22.918412
-43.090666 -22.918817
-43.090615 -22.919055
-43.090531 -22.919443
-43.090476 -22.919698
-43.090389 -22.920103
-43.092036 -22.916160
-43.091926 -22.916448
-43.091866 -22.916684
-43.091812 -22.916921
-43.091754 -22.917176
-43.091696 -22.917431
-43.091650 -22.917633
-43.091557 -22.918047
-43.091497 -22.918320
-43.091430 -22.918628
-43.091357 -22.918963
-43.091309 -22.919183
-43.091259 -22.919412
-43.091215 -22.919614
-43.091142 -22.919949
-43.091080 -22.920231
-43.092656 -22.916205
-43.092599 -22.916478
-43.092528 -22.916822
-43.092445 -22.917219
-43.092359 -22.917634
-43.092304 -22.917899
-43.092254 -22.918137
-43.092216 -22.918322
-43.092133 -22.918719
-43.092060 -22.919026
-43.091991 -22.919316
-43.091943 -22.919518
-43.091868 -22.919834
-43.091761 -22.920263
-43.091692 -22.920580
-43.093330 -22.916612
-43.093252 -22.916927
-43.093176 -22.917280
-43.093102 -22.917623
-43.093057 -22.917835
-43.092986 -22.918161
-43.092926 -22.918452
-43.092863 -22.918752
-43.092771 -22.919193
-43.092712 -22.919475
-43.092664 -22.919705
-43.092613 -22.919952
-43.092557 -22.920244
-43.092499 -22.920526
-43.093852 -22.916554
-43.093780 -22.916806
-43.093723 -22.917089
-43.093647 -22.917469
-43.093597 -22.917716
-43.093512 -22.918140
-43.094585 -22.916517
-43.094519 -22.916926
-43.094477 -22.917184
-43.094438 -22.917423
-43.094377 -22.917796
-43.094334 -22.918054
-43.094294 -22.918285
-43.094253 -22.918515
-43.094189 -22.918879
-43.094129 -22.919215
-43.094077 -22.919508
-43.094018 -22.919854
-43.093964 -22.920264
-43.093928 -22.920541
-43.093795 -22.919909
-43.093546 -22.919869
-43.093315 -22.919832
-43.093027 -22.919786
-43.093915 -22.919151
-43.093608 -22.919097
-43.093139 -22.919013
-43.092766 -22.918947
-43.092383 -22.918879
-43.092076 -22.918822
-43.091570 -22.918728
-43.091272 -22.918680
-43.091002 -22.918641
-43.090541 -22.918568
-43.090168 -22.918500
-43.093944 -22.917553
-43.093484 -22.917477
-43.093138 -22.917418
-43.092880 -22.917371
-43.092669 -22.917333
-43.092373 -22.917280
-43.092009 -22.917214
-43.091770 -22.917171
-43.091435 -22.917111
-43.091099 -22.917054
-43.090811 -22.917006
-43.094307 -22.916381
-43.093991 -22.916324
-43.093647 -22.916262
-43.093350 -22.916209
-43.093015 -22.916149
-43.092527 -22.916061
-43.092192 -22.916001
-43.091809 -22.915931
-43.091408 -22.915856
-43.091140 -22.915806
-43.094687 -22.916142
-43.094694 -22.915744
-43.094579 -22.915520
-43.094322 -22.915391
-43.093953 -22.915288
-43.094049 -22.915502
-43.093946 -22.915922
-43.093892 -22.916196
-43.093590 -22.915424
-43.093496 -22.915763
-43.093433 -22.916026
-43.092950 -22.914912
-43.092856 -22.915270
-43.092794 -22.915552
-43.092710 -22.915949
-43.093642 -22.915070
-43.092213 -22.915045
-43.092130 -22.915441
-43.092063 -22.915759
-43.091560 -22.914805
-43.091488 -22.915140
-43.091434 -22.915386
-43.090837 -22.914695
-43.090756 -22.915110
-43.090685 -22.915473
-43.090253 -22.915639
-43.089861 -22.915567
-43.089535 -22.915507
-43.089229 -22.915451
-43.088875 -22.915385
-43.088579 -22.915331
-43.088311 -22.915283
-43.087947 -22.915218
-43.087593 -22.915154
-43.087133 -22.915072
-43.086913 -22.915033
-43.086693 -22.914993
-43.086291 -22.914921
-43.085965 -22.914866
-43.085667 -22.914818
-43.085418 -22.914774
-43.085123 -22.914712
-43.084809 -22.914646
-43.084534 -22.914588
-43.090104 -22.914610
-43.090023 -22.915016
-43.089969 -22.915290
-43.089921 -22.915528
-43.089858 -22.915847
-43.089800 -22.916138
-43.089339 -22.914750
-43.089252 -22.915183
-43.089202 -22.915430
-43.089138 -22.915675
-43.089059 -22.915981
-43.088691 -22.914622
-43.088614 -22.914920
-43.088531 -22.915243
-43.088473 -22.915470
-43.088386 -22.915811
-43.087412 -22.915607
-43.087548 -22.915368
-43.087661 -22.915169
-43.087861 -22.914820
-43.088028 -22.914525
-43.087037 -22.914259
-43.086362 -22.915380
-43.086520 -22.915082
-43.086672 -22.914780
-43.086799 -22.914518
-43.085632 -22.914476
-43.085505 -22.914757
-43.085386 -22.914964
-43.085226 -22.915241
-43.084260 -22.914335
-43.084136 -22.914579
-43.083975 -22.914906
-43.083870 -22.915119
-43.084177 -22.915220
-43.084523 -22.915276
-43.084906 -22.915344
-43.085270 -22.915408
-43.085567 -22.915461
-43.085950 -22.915528
-43.086439 -22.915614
-43.086745 -22.915667
-43.086975 -22.915708
-43.087445 -22.915790
-43.087809 -22.915854
-43.088019 -22.915891
-43.088401 -22.915967
-43.088630 -22.916012
-43.088935 -22.916073
-43.089354 -22.916156
-43.089640 -22.916212
-43.089864 -22.917142
-43.089568 -22.917089
-43.089224 -22.917024
-43.088957 -22.916969
-43.088576 -22.916892
-43.088367 -22.916850
-43.087909 -22.916757
-43.087652 -22.916705
-43.089744 -22.916375
-43.089690 -22.916594
-43.089602 -22.916953
-43.087837 -22.916320
-43.087653 -22.916637
-43.087533 -22.916843
-43.087305 -22.917219
-43.087067 -22.917601
-43.086886 -22.917888
-43.086698 -22.918182
-43.086614 -22.918314
-43.089538 -22.917939
-43.089251 -22.917886
-43.088935 -22.917827
-43.088476 -22.917741
-43.088151 -22.917681
-43.087798 -22.917615
-43.087470 -22.917526
-43.089003 -22.918179
-43.088935 -22.918487
-43.088853 -22.918857
-43.088815 -22.919033
-43.088722 -22.919307
-43.088595 -22.919608
-43.089823 -22.918777
-43.089442 -22.918699
-43.089071 -22.918624
-43.089330 -22.919329
-43.088943 -22.919237
-43.088115 -22.918900
-43.088416 -22.919030
-43.089553 -22.919987
-43.089127 -22.919889
-43.088722 -22.919789
-43.088472 -22.919692
-43.088219 -22.919574
-43.087863 -22.919407
-43.087585 -22.919277
-43.092389 -22.921007
-43.092246 -22.921249
-43.092097 -22.921426
-43.091926 -22.921634
-43.091688 -22.921930
-43.091467 -22.922096
-43.091623 -22.920940
-43.091569 -22.921232
-43.091517 -22.921516
-43.091443 -22.921914
-43.090987 -22.920650
-43.090916 -22.920976
-43.090862 -22.921222
-43.090820 -22.921434
-43.090745 -22.921860
-43.090701 -22.922117
-43.090635 -22.922435
-43.090063 -22.921527
-43.090162 -22.921152
-43.090243 -22.920764
-43.090315 -22.920447
-43.089611 -22.920384
-43.089559 -22.920613
-43.089496 -22.920894
-43.088459 -22.920113
-43.088393 -22.920395
-43.088319 -22.920711
-43.087507 -22.920714
-43.088010 -22.920821
-43.088325 -22.920883
-43.088735 -22.920964
-43.089050 -22.921024
-43.089442 -22.921099
-43.089757 -22.921160
-43.090139 -22.921233
-43.090530 -22.921308
-43.090788 -22.921359
-43.091198 -22.921439
-43.091589 -22.921516
-43.089113 -22.920487
-43.088855 -22.920440
-43.088673 -22.920406
-43.088104 -22.920274
-43.088340 -22.920330
-43.087831 -22.918937
-43.087580 -22.919258
-43.087412 -22.919322
-43.087237 -22.919582
-43.087053 -22.919835
-43.086868 -22.920067
-43.086603 -22.920389
-43.086330 -22.920705
-43.087386 -22.919941
-43.087980 -22.920874
-43.087495 -22.920713
-43.088205 -22.921364
-43.088182 -22.921524
-43.087887 -22.921597
-43.086332 -22.920880
-43.086668 -22.921127
-43.086925 -22.921257
-43.087198 -22.921413
-43.087471 -22.921529
-43.087142 -22.916080
-43.087035 -22.916272
-43.086889 -22.916536
-43.086682 -22.916913
-43.086563 -22.917119
-43.086438 -22.917333
-43.086276 -22.917589
-43.086147 -22.915761
-43.085994 -22.916011
-43.085823 -22.916293
-43.085665 -22.916552
-43.085455 -22.916897
-43.086716 -22.916346
-43.086390 -22.916289
-43.086065 -22.916231
-43.085816 -22.916187
-43.085452 -22.916123
-43.085116 -22.916064
-43.085684 -22.916823
-43.085937 -22.916890
-43.086246 -22.916929
-43.085356 -22.917084
-43.085589 -22.917314
-43.085743 -22.917465
-43.085949 -22.917668
-43.086222 -22.917937
-43.086442 -22.918154
-43.086699 -22.918412
-43.086921 -22.918639
-43.087031 -22.918754
-43.087211 -22.918954
-43.087695 -22.917870
-43.087740 -22.918247
-43.087835 -22.918540
-43.086988 -22.919126
-43.085951 -22.918049
-43.085690 -22.918237
-43.085454 -22.918452
-43.085302 -22.918591
-43.085059 -22.918812
-43.084713 -22.919128
-43.085315 -22.917945
-43.085167 -22.917791
-43.084903 -22.917514
-43.084708 -22.917313
-43.084412 -22.917014
-43.084092 -22.916727
-43.083866 -22.916556
-43.084795 -22.916479
-43.085010 -22.916723
-43.085091 -22.916910
-43.083986 -22.917886
-43.084170 -22.917725
-43.084404 -22.917521
-43.084588 -22.917361
-43.084772 -22.917200
-43.084977 -22.917021
-43.085060 -22.917835
-43.084783 -22.918047
-43.084538 -22.918253
-43.084329 -22.918429
-43.084113 -22.918543
-43.083860 -22.918372
-43.083302 -22.917536
-43.083541 -22.917338
-43.083846 -22.917086
-43.083522 -22.918008
-43.083319 -22.917778
-43.083010 -22.917445
-43.082770 -22.917157
-43.082838 -22.916984
-43.083053 -22.916828
-43.083229 -22.916701
-43.083498 -22.916507
-43.084433 -22.916592
-43.084619 -22.916391
-43.084780 -22.916054
-43.084918 -22.915796
-43.084440 -22.916135
-43.084248 -22.915968
-43.084006 -22.915788
-43.083779 -22.915632
-43.083812 -22.915364
-43.083939 -22.916127
-43.083611 -22.916234
-43.083299 -22.916086
-43.082911 -22.916106
-43.083062 -22.915943
-43.089135 -22.917838
-43.089465 -22.917918
-43.089645 -22.917959
-43.089855 -22.917999
-43.090082 -22.918160
-43.090060 -22.918320
-43.090279 -22.918514
-43.090498 -22.918557
-43.090738 -22.918466
-43.090807 -22.918167
-43.089217 -22.917141
-43.089140 -22.917557
-43.086666 -22.919531
-43.086497 -22.919749
-43.086258 -22.919825
-43.085916 -22.919898
-43.085627 -22.919980
-43.086504 -22.919144
-43.086385 -22.919025
-43.086088 -22.918728
-43.085824 -22.918464
-43.109208 -22.912611
-43.109413 -22.912906
-43.109520 -22.913212
-43.109766 -22.913560
-43.110088 -22.913819
-43.110390 -22.913814
-43.110772 -22.913925
-43.111069 -22.914244
-43.111109 -22.914481
-43.110935 -22.914801
-43.110699 -22.914960
-43.110500 -22.915073
-43.110223 -22.915160
-43.109835 -22.915072
-43.109475 -22.914992
-43.109099 -22.914994
-43.108750 -22.915068
-43.108445 -22.915187
-43.108168 -22.915319
-43.107907 -22.915197
-43.107716 -22.914975
-43.107444 -22.914834
-43.107196 -22.914765
-43.106775 -22.914801
-43.106424 -22.914624
-43.106069 -22.914479
-43.105753 -22.914535
-43.105552 -22.914569
-43.105282 -22.914552
-43.104962 -22.914420
-43.104652 -22.914234
-43.104349 -22.914038
-43.104166 -22.913934
-43.103783 -22.913790
-43.103403 -22.913772
-43.103095 -22.913800
-43.102800 -22.913847
-43.102518 -22.913841
-43.102186 -22.913751
-43.101922 -22.913636
-43.101663 -22.913533
-43.101383 -22.913454
-43.101054 -22.913439
-43.100635 -22.913375
-43.100372 -22.913306
-43.100147 -22.913248
-43.099822 -22.913191
-43.099374 -22.913189
-43.099060 -22.913353
-43.098789 -22.913512
-43.098499 -22.913660
-43.098212 -22.913746
-43.097922 -22.913783
-43.097552 -22.913805
-43.097207 -22.913856
-43.096965 -22.913922
-43.096642 -22.914150
-43.096361 -22.914400
-43.096122 -22.914648
-43.095886 -22.914900
-43.095708 -22.915090
-43.095511 -22.915301
-43.094966 -22.915421
-43.095267 -22.915057
-43.095726 -22.914475
-43.095916 -22.914320
-43.096189 -22.914090
-43.096458 -22.913806
-43.096708 -22.913542
-43.097085 -22.913470
-43.097465 -22.913489
-43.097858 -22.913454
-43.098101 -22.913361
-43.098336 -22.913188
-43.098525 -22.913061
-43.098794 -22.912934
-43.099088 -22.912759
-43.099411 -22.912542
-43.099568 -22.912452
-43.099850 -22.912309
-43.100127 -22.912349
-43.100514 -22.912302
-43.100822 -22.912258
-43.101290 -22.912171
-43.107224 -22.913700
-43.102321 -22.913611
-43.101972 -22.913401
-43.102102 -22.913329
-43.102423 -22.913348
-43.102478 -22.913251
-43.102232 -22.913075
-43.101952 -22.912880
-43.101752 -22.912708
-43.101531 -22.912373
-43.101903 -22.912613
-43.102292 -22.912731
-43.102590 -22.912815
-43.101214 -22.911812
-43.100925 -22.911804
-43.100607 -22.911846
-43.100302 -22.911809
-43.099996 -22.911635
-43.099683 -22.911415
-43.099414 -22.911288
-43.099083 -22.911224
-43.098773 -22.911288
-43.098514 -22.911208
-43.098148 -22.911113
-43.097843 -22.910994
-43.099239 -22.911516
-43.099025 -22.911657
-43.106609 -22.913692
-43.106278 -22.913616
-43.105776 -22.913500
-43.105535 -22.913428
-43.105163 -22.913359
-43.104892 -22.913284
-43.104597 -22.913191
-43.104212 -22.913062
-43.103900 -22.912957
-43.103548 -22.912803
-43.103178 -22.912641
-43.102945 -22.912528
-43.102574 -22.912348
-43.102358 -22.912244
-43.102098 -22.912120
-43.101647 -22.911906
-43.101445 -22.911846
-43.101128 -22.911795
-43.100672 -22.911838
-43.104350 -22.911605
-43.104254 -22.911898
-43.103960 -22.912010
-43.103925 -22.912182
-43.104178 -22.912268
-43.104569 -22.912377
-43.104881 -22.912481
-43.104865 -22.912671
-43.104697 -22.912799
-43.104591 -22.913142
-43.102640 -22.911706
-43.102311 -22.911649
-43.101951 -22.911761
-43.102231 -22.911303
-43.101989 -22.911279
-43.101706 -22.911270
-43.101918 -22.911078
-43.102258 -22.910958
-43.102038 -22.910832
-43.101668 -22.910760
-43.101381 -22.910710
-43.101250 -22.910590
-43.101322 -22.910343
-43.101668 -22.910323
-43.102042 -22.910452
-43.102364 -22.910557
-43.102696 -22.910663
-43.102935 -22.910739
-43.103190 -22.910802
-43.103979 -22.911012
-43.104303 -22.911110
-43.104675 -22.911218
-43.105189 -22.911362
-43.105527 -22.911446
-43.105719 -22.911480
-43.105976 -22.911532
-43.106166 -22.911573
-43.106603 -22.911666
-43.106919 -22.911784
-43.107362 -22.911949
-43.107624 -22.912047
-43.108063 -22.912195
-43.108394 -22.912273
-43.108780 -22.912368
-43.108999 -22.911772
-43.108713 -22.911688
-43.108369 -22.911627
-43.107903 -22.911529
-43.107579 -22.911461
-43.107113 -22.911363
-43.106695 -22.911276
-43.106336 -22.911148
-43.106112 -22.911005
-43.105913 -22.910860
-43.105670 -22.910680
-43.105433 -22.910506
-43.105113 -22.910271
-43.104803 -22.910054
-43.104514 -22.909927
-43.104279 -22.909839
-43.104023 -22.909750
-43.103584 -22.909602
-43.103181 -22.909467
-43.102915 -22.909378
-43.102579 -22.909195
-43.102341 -22.909038
-43.102053 -22.908839
-43.101803 -22.908667
-43.101491 -22.908451
-43.101186 -22.908241
-43.100874 -22.908026
-43.100585 -22.907826
-43.100187 -22.907551
-43.100008 -22.907428
-43.099688 -22.907207
-43.099416 -22.907017
-43.106721 -22.910679
-43.106979 -22.910447
-43.107251 -22.910202
-43.107530 -22.909950
-43.107680 -22.909809
-43.107886 -22.909605
-43.108125 -22.909369
-43.108371 -22.909125
-43.108530 -22.908968
-43.108827 -22.908682
-43.109060 -22.908464
-43.109224 -22.908311
-43.109464 -22.908087
-43.109658 -22.907910
-43.110012 -22.907576
-43.110249 -22.907350
-43.110486 -22.907123
-43.110790 -22.906832
-43.111058 -22.906571
-43.111369 -22.906260
-43.111673 -22.905957
-43.112043 -22.905587
-43.112301 -22.905342
-43.112546 -22.905110
-43.112832 -22.904840
-43.113090 -22.904595
-43.113327 -22.904382
-43.113600 -22.904124
-43.113836 -22.903897
-43.114017 -22.903722
-43.114172 -22.903573
-43.114414 -22.903326
-43.114607 -22.903123
-43.114858 -22.902860
-43.115172 -22.902840
-43.114773 -22.904180
-43.114433 -22.903884
-43.114136 -22.903624
-43.113940 -22.903449
-43.113661 -22.903197
-43.113278 -22.902852
-43.113075 -22.902670
-43.112880 -22.902494
-43.112601 -22.902243
-43.112287 -22.901961
-43.111337 -22.902842
-43.111583 -22.903059
-43.111915 -22.903351
-43.112190 -22.903593
-43.112423 -22.903810
-43.112747 -22.904109
-43.113008 -22.904351
-43.113245 -22.904565
-43.113505 -22.904795
-43.113710 -22.904975
-43.113914 -22.905155
-43.114120 -22.905347
-43.110416 -22.903639
-43.110642 -22.903850
-43.110916 -22.904106
-43.111224 -22.904393
-43.111560 -22.904707
-43.111765 -22.904899
-43.111985 -22.905103
-43.112232 -22.905333
-43.112482 -22.905560
-43.112684 -22.905742
-43.112927 -22.905963
-43.113080 -22.906101
-43.109484 -22.904485
-43.109776 -22.904750
-43.110020 -22.904970
-43.110242 -22.905171
-43.110464 -22.905374
-43.110726 -22.905628
-43.111002 -22.905894
-43.111271 -22.906154
-43.111471 -22.906338
-43.111724 -22.906563
-43.111947 -22.906763
-43.112198 -22.906990
-43.108612 -22.905469
-43.108839 -22.905666
-43.109152 -22.905937
-43.109527 -22.906265
-43.109779 -22.906490
-43.110066 -22.906746
-43.110340 -22.906989
-43.110578 -22.907202
-43.110887 -22.907476
-43.111167 -22.907726
-43.108962 -22.907167
-43.109288 -22.907464
-43.109467 -22.907629
-43.109736 -22.907877
-43.109993 -22.908123
-43.110243 -22.908362
-43.110514 -22.908621
-43.109402 -22.910569
-43.109182 -22.910379
-43.108887 -22.910091
-43.108633 -22.909842
-43.108413 -22.909627
-43.108219 -22.909437
-43.108035 -22.909276
-43.107808 -22.909079
-43.107659 -22.908949
-43.107468 -22.908782
-43.107213 -22.908560
-43.106987 -22.908362
-43.106803 -22.908201
-43.106661 -22.908078
-43.106520 -22.907954
-43.106245 -22.907712
-43.109147 -22.911817
-43.108900 -22.911709
-43.108796 -22.911448
-43.108544 -22.911223
-43.108278 -22.910986
-43.107984 -22.910723
-43.107815 -22.910573
-43.107507 -22.910298
-43.107325 -22.910102
-43.107184 -22.909816
-43.106929 -22.909544
-43.106772 -22.909372
-43.106656 -22.908986
-43.106578 -22.908737
-43.106229 -22.908703
-43.106032 -22.908632
-43.105788 -22.908517
-43.105478 -22.908301
-43.105160 -22.908375
-43.104714 -22.908739
-43.104529 -22.908912
-43.104299 -22.909190
-43.104141 -22.909477
-43.104046 -22.909694
-43.103838 -22.910159
-43.109471 -22.911124
-43.109271 -22.911357
-43.109118 -22.911565
-43.108822 -22.911409
-43.108620 -22.911255
-43.108385 -22.911052
-43.108115 -22.910818
-43.107816 -22.910560
-43.107560 -22.910339
-43.107388 -22.910169
-43.107239 -22.909918
-43.106957 -22.909557
-43.106748 -22.909293
-43.106657 -22.908971
-43.106612 -22.908815
-43.106386 -22.908690
-43.106094 -22.908699
-43.105778 -22.908753
-43.105614 -22.908890
-43.105471 -22.909143
-43.105326 -22.909524
-43.105326 -22.909792
-43.105494 -22.910040
-43.106124 -22.909016
-43.105839 -22.909153
-43.106007 -22.909315
-43.106275 -22.909350
-43.106455 -22.909515
-43.106729 -22.909815
-43.105631 -22.909546
-43.106162 -22.909332
-43.106394 -22.909510
-43.106739 -22.909823
-43.105875 -22.909583
-43.106649 -22.910079
-43.106261 -22.910126
-43.105851 -22.910129
-43.105019 -22.907679
-43.104738 -22.907942
-43.104748 -22.908176
-43.104939 -22.908443
-43.112782 -22.901148
-43.112610 -22.901320
-43.112352 -22.901578
-43.112213 -22.901717
-43.111954 -22.901961
-43.111702 -22.902198
-43.111558 -22.902333
-43.111313 -22.902564
-43.111129 -22.902737
-43.110890 -22.902962
-43.110638 -22.903199
-43.110453 -22.903373
-43.110181 -22.903630
-43.109915 -22.903880
-43.109683 -22.904098
-43.109444 -22.904323
-43.109219 -22.904535
-43.108939 -22.904798
-43.108673 -22.905049
-43.108339 -22.905363
-43.108087 -22.905601
-43.107807 -22.905864
-43.107518 -22.906131
-43.107339 -22.906297
-43.107057 -22.906557
-43.106809 -22.906786
-43.106602 -22.906977
-43.106320 -22.907238
-43.106010 -22.907524
-43.105769 -22.907747
-43.111403 -22.901141
-43.111181 -22.900939
-43.110842 -22.900669
-43.110554 -22.900440
-43.110355 -22.900281
-43.110163 -22.900128
-43.110691 -22.902248
-43.110451 -22.902023
-43.110198 -22.901787
-43.109911 -22.901518
-43.109623 -22.901249
-43.109302 -22.900948
-43.108987 -22.900680
-43.108741 -22.900475
-43.108503 -22.900276
-43.108285 -22.900109
-43.108052 -22.899931
-43.107715 -22.899673
-43.107496 -22.899494
-43.109810 -22.903098
-43.109612 -22.902913
-43.109304 -22.902625
-43.109030 -22.902369
-43.108865 -22.902216
-43.108699 -22.902063
-43.108507 -22.901885
-43.108184 -22.901639
-43.108003 -22.901501
-43.107743 -22.901299
-43.107505 -22.901113
-43.107274 -22.900932
-43.106995 -22.900695
-43.106807 -22.900525
-43.106617 -22.900344
-43.106392 -22.900132
-43.106139 -22.899908
-43.105907 -22.899703
-43.105760 -22.899571
-43.108943 -22.904011
-43.108753 -22.903843
-43.108508 -22.903625
-43.108283 -22.903425
-43.107988 -22.903163
-43.107701 -22.902907
-43.107406 -22.902645
-43.107180 -22.902489
-43.106872 -22.902214
-43.106640 -22.902009
-43.106393 -22.901792
-43.106181 -22.901606
-43.105983 -22.901432
-43.111898 -22.900326
-43.111658 -22.900551
-43.111365 -22.900826
-43.111133 -22.901044
-43.110907 -22.901256
-43.110671 -22.901482
-43.110346 -22.901793
-43.110042 -22.902085
-43.109846 -22.902273
-43.109582 -22.902525
-43.109284 -22.902809
-43.109101 -22.902983
-43.108911 -22.903164
-43.109611 -22.900513
-43.109303 -22.900826
-43.109072 -22.901057
-43.108841 -22.901288
-43.108636 -22.901493
-43.108438 -22.901692
-43.108150 -22.901959
-43.107888 -22.902201
-43.107648 -22.902425
-43.107332 -22.902718
-43.106995 -22.903030
-43.106715 -22.903293
-43.106463 -22.903531
-43.106184 -22.903794
-43.105884 -22.904077
-43.105584 -22.904360
-43.105358 -22.904571
-43.105166 -22.904750
-43.104928 -22.904975
-43.104651 -22.905241
-43.104456 -22.905429
-43.104273 -22.905604
-43.104105 -22.905766
-43.103862 -22.906000
-43.103693 -22.906162
-43.103517 -22.906330
-43.103254 -22.906583
-43.102937 -22.906888
-43.102686 -22.907127
-43.102436 -22.907366
-43.102212 -22.907579
-43.101941 -22.907838
-43.110845 -22.906771
-43.110622 -22.906984
-43.110457 -22.907051
-43.110213 -22.906844
-43.109898 -22.906576
-43.109676 -22.906388
-43.109299 -22.906061
-43.109137 -22.905919
-43.108897 -22.905708
-43.108649 -22.905491
-43.108423 -22.905377
-43.108115 -22.905595
-43.107875 -22.905806
-43.107600 -22.905888
-43.106040 -22.904567
-43.106185 -22.904687
-43.106373 -22.904844
-43.106604 -22.905037
-43.106832 -22.905234
-43.107104 -22.905479
-43.106527 -22.906514
-43.106273 -22.906278
-43.106143 -22.906157
-43.105924 -22.905952
-43.105633 -22.905674
-43.105280 -22.905338
-43.105070 -22.905138
-43.104554 -22.906166
-43.104780 -22.906364
-43.105021 -22.906574
-43.105245 -22.906786
-43.105457 -22.906997
-43.105647 -22.907178
-43.106320 -22.905543
-43.105985 -22.905857
-43.105637 -22.906184
-43.105445 -22.906363
-43.105227 -22.906569
-43.105022 -22.906761
-43.104721 -22.907043
-43.104523 -22.907229
-43.104304 -22.907434
-43.104078 -22.907644
-43.103830 -22.907874
-43.103707 -22.907989
-43.103420 -22.908258
-43.103153 -22.908508
-43.102928 -22.908719
-43.104203 -22.908771
-43.103960 -22.908563
-43.103738 -22.908374
-43.103610 -22.908264
-43.103338 -22.908031
-43.103152 -22.907872
-43.102867 -22.907628
-43.102624 -22.907420
-43.104167 -22.907714
-43.103907 -22.907470
-43.103614 -22.907194
-43.103416 -22.907008
-43.103205 -22.906809
-43.102907 -22.906537
-43.102603 -22.906258
-43.102416 -22.906087
-43.102195 -22.905884